Car -1 -1 1.8886 166.6503 180.4624 435.0798 363.2323 1.5114 1.5651 3.7308 -3.1413 1.6166 8.0284 1.5157 13.7416
Car -1 -1 -1.8067 704.6784 187.7016 830.8122 275.5291 1.4353 1.5900 3.5917 2.9054 1.7660 14.2272 -1.6052 13.3885
Car -1 -1 1.7310 443.6501 178.7561 523.9309 235.6619 1.4282 1.6113 4.1302 -3.5373 1.6141 20.6092 1.5610 11.5912
Car -1 -1 1.6864 497.9341 172.1038 549.3184 216.2657 1.6473 1.6097 3.7952 -3.4239 1.6197 28.8117 1.5681 9.6361
Car -1 -1 1.4187 651.6770 179.0433 705.9779 218.5861 1.4668 1.6060 3.9626 2.6924 1.7369 29.4227 1.5099 8.2329
Car -1 -1 1.6689 527.9679 173.2693 565.1231 204.2595 1.5537 1.5903 3.8349 -3.3426 1.5771 38.1488 1.5815 4.9099
Car -1 -1 1.6753 547.6662 175.0640 576.7846 198.2596 1.5117 1.5883 3.9458 -3.2619 1.6695 49.4042 1.6094 3.0347
Car -1 -1 -1.6805 645.3793 179.8519 682.8967 209.4172 1.4577 1.5829 3.6973 2.7929 1.8480 38.3363 -1.6077 2.7193
Car -1 -1 2.7899 749.4702 164.7611 870.5679 204.8856 1.4800 1.6296 4.1560 7.5550 1.1818 27.5985 3.0571 1.3183
Car -1 -1 0.3610 217.2795 162.5936 362.3915 208.8457 1.4804 1.6473 4.1008 -10.6138 1.1524 24.0271 -0.0550 0.8841
Car -1 -1 -1.5937 693.9950 162.1322 721.1225 188.8903 1.7261 1.7106 4.2643 6.5210 1.0348 48.7562 -1.4608 0.8744
Car -1 -1 -1.6964 681.0403 160.1034 709.7506 182.7963 1.6423 1.6441 4.0328 6.3528 0.7199 54.2378 -1.5798 -0.4108
Car -1 -1 1.5444 508.9096 157.9424 530.0771 177.1341 1.5117 1.6082 3.7580 -7.4266 0.3375 58.8097 1.4188 -0.5460
