Car -1 -1 -1.9563 245.3828 194.5291 373.3880 269.2127 1.5027 1.5902 3.6310 -7.3769 2.0822 17.4319 -2.3567 12.7502
Car -1 -1 1.3492 710.0415 178.1754 803.9663 237.9180 1.4279 1.6140 4.1076 3.8322 1.5888 19.6896 1.5414 10.7923
Car -1 -1 -2.1606 385.1704 163.9156 628.6209 309.4171 1.9776 1.8049 4.4509 -1.9454 1.8565 12.0479 -2.3207 8.8711
Car -1 -1 -1.7623 109.9706 193.2592 179.8801 235.3175 1.4258 1.5964 3.8149 -18.2969 2.2798 28.2561 -2.3369 7.0988
Car -1 -1 1.5865 634.7015 179.9044 691.8586 235.2474 1.4304 1.5148 3.4732 1.5180 1.6525 20.9001 1.6590 6.3807
Car -1 -1 3.4086 311.2324 180.3646 403.2981 214.7662 1.5224 1.5673 3.7220 -11.6246 1.8783 33.2375 3.0722 6.3710
Car -1 -1 -1.3753 1188.9149 142.0595 1241.0000 171.8840 1.5621 1.6554 4.3180 33.6297 -0.0560 39.9149 -0.6752 3.6680
Car -1 -1 3.4285 250.0992 182.8615 337.2236 212.2533 1.4550 1.6089 3.8460 -16.4002 1.9894 37.4632 3.0159 3.5405
Car -1 -1 -0.9451 763.8106 150.8269 830.2598 177.8916 1.4955 1.6392 4.0968 10.8338 0.2787 41.8038 -0.6916 0.9671
Car -1 -1 -0.8741 697.2000 178.2719 783.4609 215.0247 1.4685 1.5802 3.8338 5.6329 1.7169 31.2021 -0.6955 0.5349
