Car -1 -1 -1.3209 602.6230 177.2469 722.8547 262.3554 1.4534 1.5509 3.5984 1.1282 1.5538 14.4738 -1.2431 14.5918
Car -1 -1 2.0227 334.0364 178.2115 619.4508 367.6022 1.5109 1.5596 3.5735 -1.2039 1.5836 7.8003 1.8696 13.4564
Car -1 -1 -1.6203 886.5472 178.9916 956.1453 241.1892 1.5581 1.6116 3.4723 8.6455 1.7478 20.3560 -1.2187 10.3006
Car -1 -1 -0.6479 0.0000 179.8588 425.4147 374.0000 1.5696 1.6007 3.6590 -2.6448 1.6239 3.5692 -1.2856 9.4629
Car -1 -1 1.6178 744.0784 168.4381 785.0710 207.0808 1.6727 1.6699 3.9659 7.1564 1.4819 33.3610 1.8291 7.4571
Car -1 -1 -1.8315 947.5073 188.3373 1241.0000 374.0000 1.5838 1.5265 3.1155 3.8853 1.7529 6.1435 -1.2676 6.8129
Car -1 -1 0.1667 596.1366 163.8966 705.4214 204.8256 1.5421 1.6164 4.0879 1.5896 1.2050 28.4229 0.2226 4.2363
Car -1 -1 1.5967 862.3378 172.7006 886.4847 194.7956 1.6281 1.6388 3.8496 20.2492 1.6172 55.2576 1.9480 1.4807
Car -1 -1 -1.7390 870.8430 182.3264 941.6575 231.2426 1.4870 1.6116 3.8207 10.0225 1.8393 24.7603 -1.3544 0.5238
Car -1 -1 1.3295 627.1421 136.3211 676.2438 167.6114 1.4600 1.6057 3.7591 2.0039 -0.2781 36.3279 1.3846 0.1783
Car -1 -1 1.4086 912.5637 148.4295 958.5016 179.3767 1.6812 1.7087 4.4190 18.6370 0.3547 41.5485 1.8302 -0.2808
Car -1 -1 -1.7953 752.4198 172.1372 796.7735 200.4594 1.5237 1.6104 3.8764 9.2029 1.4855 40.7541 -1.5732 -0.5985
