Car -1 -1 -1.3417 548.5179 177.6852 673.2533 267.2172 1.4385 1.5427 3.8455 0.1115 1.5454 13.8618 -1.3336 14.6287
Car -1 -1 2.0560 225.1135 177.2491 566.1100 374.0000 1.4804 1.5401 3.6831 -1.7643 1.5356 7.0260 1.8100 12.6437
Car -1 -1 -1.6739 837.2569 179.6223 907.7202 239.2463 1.4889 1.5181 3.0251 7.1627 1.6927 20.0387 -1.3306 10.2043
Car -1 -1 -1.8844 914.7379 189.5911 1241.0000 374.0000 1.5224 1.4903 3.1489 3.4584 1.6955 5.7409 -1.3422 9.7817
Car -1 -1 -0.5794 0.0000 176.4820 309.0332 374.0000 1.4587 1.4800 3.7213 -2.9319 1.4825 2.6956 -1.4068 9.0037
Car -1 -1 -1.4328 692.3441 174.7024 738.4010 208.4368 1.4353 1.5847 3.7117 4.8179 1.5251 32.9190 -1.2875 8.2917
Car -1 -1 0.2513 542.5580 161.2934 657.1270 204.6478 1.5940 1.6400 4.1384 -0.4096 1.1693 27.8083 0.2366 5.1119
Car -1 -1 -1.4821 833.1363 179.4500 894.3443 229.7243 1.5192 1.6106 4.0636 8.6560 1.7640 24.5563 -1.1432 4.3709
Car -1 -1 -1.7826 802.9590 174.9977 835.3397 194.8301 1.4676 1.6015 3.9778 16.1245 1.6400 55.8711 -1.5016 1.8821
Car -1 -1 1.4331 683.6576 150.9803 711.1081 170.8680 1.4731 1.5757 3.9436 6.6981 -0.1588 55.8250 1.5525 1.7392
