Car -1 -1 1.9814 165.3888 188.3164 399.9284 320.7582 1.4974 1.6270 3.9890 -4.5496 1.7682 10.6209 1.5767 12.2055
Car -1 -1 -1.7838 758.2499 164.7329 893.6321 262.9565 1.7176 1.7278 4.3152 4.1787 1.5759 14.8212 -1.5090 10.4442
Car -1 -1 2.2266 0.0000 210.1084 264.2747 374.0000 1.3734 1.5542 3.5281 -4.6194 1.7809 6.1124 1.5794 10.2599
Car -1 -1 -1.7352 724.8064 176.5981 802.5492 233.0096 1.4935 1.6005 3.9444 4.3969 1.6151 21.3672 -1.5323 8.9877
Car -1 -1 1.7172 529.2543 174.2679 570.3843 204.6975 1.4871 1.5832 3.8353 -3.1040 1.5646 37.4063 1.6344 7.5522
Car -1 -1 -1.7832 705.9150 171.4005 770.2943 216.9318 1.5952 1.6206 3.7311 4.7001 1.5446 27.1739 -1.6119 6.7657
Car -1 -1 -1.6738 701.6210 173.4985 746.4341 209.6057 1.5106 1.5776 3.8210 4.9886 1.5414 32.2011 -1.5201 5.9553
Car -1 -1 -1.6879 693.4936 171.4726 733.9769 202.9765 1.5664 1.6412 3.9525 5.3520 1.4981 37.8679 -1.5475 2.9004
Car -1 -1 1.6493 591.4169 172.5703 612.9574 189.8304 1.4960 1.6102 4.1745 -0.6904 1.4717 64.6715 1.6386 1.3026
Car -1 -1 1.7469 515.3538 167.0608 545.7710 187.2116 1.4832 1.6289 4.0532 -6.0604 1.0572 55.1839 1.6375 -0.2735
Car -1 -1 1.8702 473.8038 171.2217 519.5948 197.4931 1.5143 1.6324 3.9987 -6.8340 1.4206 43.6833 1.7150 -0.7270
