Car -1 -1 2.1720 0.0000 198.7228 208.1429 295.9842 1.4489 1.5936 3.9796 -9.6324 2.0159 13.8042 1.5628 13.0441
Car -1 -1 2.0891 162.1670 186.0998 284.1065 245.1910 1.6469 1.6352 4.0536 -12.2512 2.1086 23.0769 1.6010 11.5117
Car -1 -1 1.8180 447.4243 183.0622 484.1495 204.2337 1.4259 1.6891 4.0503 -10.5005 2.2003 52.6477 1.6211 7.7513
Car -1 -1 -1.5482 602.1754 177.6296 629.6617 204.4158 1.6156 1.6748 4.2010 0.3886 1.9371 46.3996 -1.5398 5.6229
Car -1 -1 1.7697 450.1037 177.8121 497.4433 211.1552 1.5214 1.5900 3.6271 -6.6417 1.7768 35.2864 1.5837 2.0370
Car -1 -1 1.7666 422.5779 179.0432 477.2974 216.5491 1.4636 1.5802 3.6864 -6.7657 1.7427 30.6284 1.5492 1.5625
Car -1 -1 0.7311 0.0000 198.8899 89.9063 226.7081 1.4859 1.6352 4.1298 -32.3897 3.0100 41.2714 0.0657 1.0353
Car -1 -1 1.8376 378.9106 175.1803 453.9925 223.1994 1.5732 1.6263 3.8522 -6.8535 1.6628 25.7548 1.5776 0.9604
Car -1 -1 1.9205 260.0517 178.1673 388.3315 248.2529 1.4833 1.6256 3.9707 -6.8335 1.6279 17.5741 1.5497 0.6073
Car -1 -1 1.7096 528.2993 182.9320 554.2622 201.8120 1.4538 1.6392 3.6634 -5.6503 2.3102 59.4160 1.6147 0.2384
