Car -1 -1 1.8904 317.4058 196.2420 428.7642 264.8512 1.4300 1.5616 3.7296 -5.8759 2.0804 18.1811 1.5778 11.4309
Car -1 -1 1.8238 384.8703 193.5694 463.7737 244.5679 1.3918 1.5591 3.7020 -5.8765 2.1071 23.0478 1.5742 11.3443
Car -1 -1 1.9714 178.0927 199.4114 364.8892 305.6784 1.4574 1.5829 3.8871 -5.8215 2.0025 12.8365 1.5456 11.2398
Car -1 -1 1.7732 433.5093 188.9367 493.6860 230.2225 1.4558 1.5939 4.0202 -5.8473 2.1479 29.0206 1.5744 11.0042
Car -1 -1 2.7924 814.4362 160.0211 947.5695 204.0305 1.4678 1.5730 3.9964 9.2201 1.0402 24.8607 3.1476 8.8395
Car -1 -1 -1.6439 658.2549 176.0658 697.5600 212.5441 1.7235 1.6780 3.9913 3.3386 1.8951 36.4522 -1.5526 7.5314
Car -1 -1 1.7734 473.3713 186.5995 521.2688 219.3896 1.4920 1.6196 4.0514 -5.6910 2.2294 36.6210 1.6192 6.9014
Car -1 -1 -1.6893 665.8554 176.6071 716.2408 217.4072 1.6057 1.6592 3.9920 3.3459 1.7766 30.7673 -1.5810 6.1390
Car -1 -1 -0.6571 1078.5763 146.2613 1203.6380 181.3060 1.5273 1.6868 4.4037 23.6989 0.3687 32.3408 -0.0248 5.0462
Car -1 -1 2.7385 804.2479 154.6853 923.6259 200.3415 1.6728 1.6313 3.9497 9.5380 1.0074 27.3808 3.0737 4.0768
Car -1 -1 -1.7887 736.7060 175.6763 789.5049 208.9279 1.4499 1.5951 3.9148 7.0536 1.5900 33.7592 -1.5827 3.8815
Car -1 -1 1.6222 435.2493 175.2943 464.8956 199.7434 1.4822 1.6499 4.1572 -10.2634 1.6468 46.3625 1.4044 3.3746
Car -1 -1 1.8520 514.4548 183.6654 552.9152 206.7504 1.5191 1.6430 4.2032 -5.4522 2.3283 51.7642 1.7470 1.9141
Car -1 -1 1.7375 495.3554 187.1279 531.6643 214.4621 1.4600 1.5523 3.4411 -5.6226 2.3279 42.1053 1.6047 1.5346
Car -1 -1 -2.0953 1027.2889 146.5552 1095.7223 174.0256 1.4584 1.5765 3.7124 25.0224 0.0626 40.1837 -1.5384 0.6308
