Car -1 -1 1.7159 453.2340 185.3800 533.6365 243.3494 1.3685 1.6113 4.1137 -3.1623 1.7518 19.9894 1.5590 14.0251
Car -1 -1 -1.2301 42.1157 187.5670 434.9594 374.0000 1.5317 1.6007 4.0005 -2.7385 1.7022 6.2923 -1.6406 13.6927
Car -1 -1 -1.8115 712.6309 184.6115 887.2820 306.3611 1.5018 1.6437 4.0498 2.6840 1.7198 11.3213 -1.5788 13.2865
Car -1 -1 -1.9407 755.3127 151.1541 1129.4463 374.0000 1.7863 1.6309 3.5559 2.4082 1.6494 6.3440 -1.5779 12.8799
Car -1 -1 -1.7617 665.1075 185.2487 766.9576 257.4244 1.4007 1.5891 3.7995 2.2604 1.7197 16.6071 -1.6264 12.3418
Car -1 -1 1.6465 532.1394 177.7015 566.3587 206.5198 1.5504 1.6546 4.2274 -3.4911 1.8448 41.6492 1.5628 6.6038
Car -1 -1 -1.3174 403.7051 187.5277 524.3947 265.6578 1.4424 1.6335 4.2659 -3.1768 1.8190 16.3155 -1.5097 5.9662
Car -1 -1 -1.6229 628.5696 177.6988 657.4888 202.0351 1.4885 1.6596 4.2032 2.0821 1.8192 47.0775 -1.5787 3.1614
Car -1 -1 -1.6117 621.8448 165.6402 642.4452 183.5565 1.4925 1.5980 4.2379 1.8582 0.8919 62.2334 -1.5819 0.9798
Car -1 -1 1.8855 521.9154 174.2099 552.8062 190.7872 1.4972 1.6568 4.2425 -6.8019 1.6292 67.7813 1.7855 0.5465
