Car -1 -1 -2.6289 41.0193 172.7831 371.1284 304.8587 1.7946 1.6915 3.9437 -5.8403 1.7940 10.6706 -3.1297 10.6280
Car -1 -1 -2.1865 895.3281 187.2668 1241.0000 374.0000 1.4719 1.5794 4.0941 2.7677 1.5821 3.4001 -1.5033 9.1303
Car -1 -1 -1.6772 697.5076 154.8900 787.6565 243.1296 1.9586 1.7476 4.3222 3.1626 1.5602 18.2264 -1.5054 8.0948
Car -1 -1 1.6581 549.1162 178.5427 578.1454 202.5666 1.4926 1.5937 3.7353 -3.0532 1.8832 47.6064 1.5940 7.7571
Car -1 -1 -1.6655 661.1187 170.5054 696.8314 201.7437 1.7248 1.6772 4.0467 3.9176 1.5955 41.8610 -1.5722 6.1774
Car -1 -1 1.4399 678.0929 170.8817 738.1495 221.2157 1.6883 1.6521 3.8034 3.4268 1.6225 26.1010 1.5705 3.5906
Car -1 -1 -1.6510 1090.0510 92.0978 1241.0000 240.6836 1.7714 1.6932 4.0932 8.1827 0.8090 10.7797 -1.0017 0.9750
Car -1 -1 1.6702 591.0096 171.0984 617.9036 195.3763 1.8939 1.7442 4.5429 -0.4338 1.7573 58.6253 1.6628 0.1117
Car -1 -1 -1.7258 1226.6467 77.9546 1241.0000 231.8912 1.6325 1.6483 4.1627 9.6562 0.6264 9.8207 -0.9489 -0.1225
Car -1 -1 1.7089 505.9212 180.6349 539.4087 205.2720 1.5054 1.6364 4.1231 -5.7296 2.0400 47.4710 1.5888 -0.4025
