Car -1 -1 2.0334 164.1446 198.8165 348.5806 301.2332 1.4442 1.5312 3.4620 -6.1074 1.9680 12.8002 1.5882 13.9956
Car -1 -1 1.9195 308.4938 191.8975 425.7066 259.1456 1.4283 1.5943 3.8569 -6.0817 1.9653 18.3781 1.6000 13.5878
Car -1 -1 -1.7818 694.1087 179.2159 804.9227 258.0690 1.5447 1.6468 3.9562 2.9833 1.7079 16.4583 -1.6024 12.1278
Car -1 -1 1.7786 411.7709 179.9320 481.1745 229.3321 1.6494 1.6829 4.1774 -6.0147 1.9332 26.7898 1.5577 9.6374
Car -1 -1 1.7662 451.6437 182.0235 503.3325 218.6701 1.5489 1.6229 3.9436 -6.1163 1.9998 33.4689 1.5854 5.6906
Car -1 -1 1.7073 524.7822 181.5461 551.2338 200.9173 1.4771 1.6189 4.0109 -5.8626 2.2113 58.8777 1.6080 4.8294
Car -1 -1 1.6745 559.1920 179.1889 584.7656 198.2189 1.5013 1.7083 4.3167 -3.1780 2.0529 60.5836 1.6221 2.3722
Car -1 -1 -1.5715 637.8244 177.2816 655.8769 194.4428 1.4851 1.5857 3.7422 3.3132 1.8981 65.3301 -1.5208 2.1150
Car -1 -1 1.2159 837.0435 161.5427 886.7734 185.8383 1.4975 1.6478 4.2564 16.1713 0.8006 46.6146 1.5498 1.9973
Car -1 -1 -0.9804 693.3560 181.6145 796.5809 229.7826 1.4979 1.5982 3.9620 4.7172 1.8273 25.1267 -0.7948 0.0214
