Car -1 -1 -1.8628 746.3870 175.7469 927.8376 302.9396 1.6185 1.6145 3.6171 3.2084 1.6706 11.0781 -1.5809 13.4825
Car -1 -1 3.7210 0.0000 185.9521 305.1143 306.8280 1.4280 1.5953 4.0486 -6.4431 1.6164 9.5290 3.1264 13.3890
Car -1 -1 -2.0374 832.9040 189.4145 1241.0000 374.0000 1.5063 1.5756 3.4805 3.1457 1.6871 6.1105 -1.5620 12.5574
Car -1 -1 -1.7517 678.1580 180.6937 742.4416 227.9617 1.4585 1.5688 3.3771 3.2956 1.7444 24.5564 -1.6183 12.2491
Car -1 -1 3.4973 187.5214 180.3553 401.8416 258.4846 1.5125 1.5802 3.7758 -6.4850 1.6782 15.0222 3.0898 10.6219
Car -1 -1 0.3029 350.8587 178.4978 497.8499 230.0075 1.5122 1.6025 4.1068 -5.7102 1.6940 22.2854 0.0520 8.9103
Car -1 -1 3.4573 301.8038 177.0906 465.5322 235.1725 1.5036 1.5957 3.9489 -6.1160 1.6240 19.6211 3.1552 8.0298
Car -1 -1 0.2026 256.6371 177.6859 455.0944 246.6992 1.5223 1.6152 4.2057 -5.9392 1.6447 17.1394 -0.1310 6.6174
Car -1 -1 0.2582 374.6243 171.4582 505.3102 223.0401 1.6922 1.6293 4.0448 -5.7593 1.6467 24.5379 0.0277 6.2298
Car -1 -1 -1.6204 642.8460 161.7663 676.3860 199.2002 2.5409 2.1012 6.0112 3.4773 1.7886 51.9956 -1.5536 5.9461
Car -1 -1 -3.3070 724.3251 180.0738 813.8840 214.8440 1.4775 1.5500 3.6555 6.9363 1.8055 31.8792 -3.0928 4.5097
Car -1 -1 -2.9844 492.9836 175.1756 552.1051 198.9390 1.5567 1.6107 3.7242 -5.8556 1.7153 48.3061 -3.1050 1.6095
Car -1 -1 2.0786 711.8849 158.5334 750.5517 176.7469 1.4968 1.5970 3.7918 10.2983 0.3203 61.2734 2.2451 1.2477
Car -1 -1 3.1464 508.8111 173.0568 564.2204 197.5280 1.7714 1.6786 4.0066 -5.4424 1.7870 53.2727 3.0446 0.1839
