Car -1 -1 -1.4081 456.4112 178.4968 536.9763 241.5568 1.6341 1.6682 4.2042 -3.2570 1.8167 21.1833 -1.5607 13.0969
Car -1 -1 -1.7852 694.0391 177.6445 825.8873 271.1304 1.4943 1.6083 3.8510 2.6173 1.5984 13.6751 -1.5961 12.8923
Car -1 -1 -1.9249 758.3976 181.5436 1040.7380 367.6591 1.5129 1.5861 3.5406 2.7376 1.6288 7.8124 -1.5878 12.7939
Car -1 -1 -1.7044 671.9010 177.3512 744.9390 233.7356 1.5324 1.6586 3.9551 2.8418 1.6816 21.9041 -1.5754 9.9793
Car -1 -1 -2.3333 901.6126 142.8817 1241.0000 374.0000 1.5290 1.5538 4.0621 2.5341 1.5086 2.5446 -1.5499 9.1984
Car -1 -1 -1.6718 650.2793 177.2221 695.6620 216.1000 1.5054 1.5358 3.3851 2.5262 1.6978 30.0243 -1.5879 8.0616
Car -1 -1 1.6752 497.0133 183.6226 544.6646 221.0955 1.4514 1.6308 4.0034 -3.8200 1.9463 31.1188 1.5531 7.1469
Car -1 -1 -1.5569 636.0413 179.3254 665.7684 207.1955 1.4512 1.5859 3.8841 2.2844 1.8326 40.4870 -1.5006 5.4498
Car -1 -1 -1.4892 508.4902 175.3238 538.3308 202.3025 1.7421 1.6915 4.0268 -5.8691 1.9172 49.0063 -1.6084 0.7061
Car -1 -1 1.6020 688.7851 159.7600 711.6455 181.2960 1.5424 1.5745 3.6221 6.6995 0.6050 53.5851 1.7264 0.5640
