Car -1 -1 -1.2417 264.6408 189.6556 441.3104 292.9680 1.4526 1.5975 3.9888 -4.1561 1.5419 12.2714 -1.5682 12.0208
Car -1 -1 -0.9975 6.9177 184.2702 246.9036 290.3095 1.6125 1.6362 4.0225 -8.3717 1.5992 12.9394 -1.5717 10.8268
Car -1 -1 -1.3756 431.9733 185.1605 501.9448 233.7039 1.4551 1.5451 3.6887 -4.5343 1.4546 23.3918 -1.5671 10.7401
Car -1 -1 -1.3307 382.2600 182.8327 437.5445 220.0718 1.5542 1.5754 3.4662 -8.7081 1.4559 31.7529 -1.5983 8.5342
Car -1 -1 -1.5568 578.6873 183.5779 609.5731 210.8835 1.4322 1.6201 3.7285 -0.7545 1.3475 39.5698 -1.5759 7.8724
Car -1 -1 -1.1645 247.9123 172.0422 340.2818 225.3084 1.9718 1.7921 4.4035 -12.4680 1.4852 28.8097 -1.5729 6.5988
Car -1 -1 -1.4489 476.2351 183.4788 521.7340 216.5259 1.4485 1.6184 4.0574 -5.0466 1.3735 33.5552 -1.5981 6.4772
Car -1 -1 -1.2176 363.9604 180.0627 413.7314 206.3110 1.4449 1.5846 3.6374 -12.5837 1.1624 41.4296 -1.5125 4.8693
Car -1 -1 -1.1837 262.1959 190.4901 362.9869 245.4086 1.4402 1.5526 3.3392 -8.4846 1.6065 20.8389 -1.5703 2.6649
Car -1 -1 -1.4302 508.4523 182.6221 542.9585 208.0870 1.4518 1.5642 3.5121 -4.8656 1.3051 42.7575 -1.5435 1.8588
Car -1 -1 -1.2452 408.6493 168.2553 440.0476 185.2898 1.4888 1.6000 3.8396 -16.5023 0.0076 64.7989 -1.4946 1.8189
Car -1 -1 -1.4751 485.2462 175.7253 507.4141 193.0139 1.4508 1.5679 3.4961 -9.6114 0.6555 62.1088 -1.6287 1.6323
Car -1 -1 -0.7713 0.0000 194.0097 28.3300 271.7626 1.5326 1.6117 4.0548 -15.9851 1.7631 16.6856 -1.5352 1.0545
