Car -1 -1 -1.9849 786.4776 191.9412 1093.2845 374.0000 1.4698 1.5498 3.2326 2.9452 1.7067 7.3006 -1.6014 13.3054
Car -1 -1 -1.6434 639.4201 161.0837 690.6592 216.9362 2.4577 2.0220 5.5630 2.4967 1.9401 34.5297 -1.5713 10.5942
Car -1 -1 3.5487 83.1995 180.2470 347.1903 288.6763 1.6353 1.5740 3.4966 -6.4168 1.7676 11.9408 3.0556 10.5653
Car -1 -1 0.6416 0.0000 170.4731 240.3368 374.0000 1.7527 1.6122 3.7090 -5.9642 1.7326 7.0968 -0.0573 9.7743
Car -1 -1 -0.2638 789.4273 187.1145 979.8666 254.9313 1.4883 1.5950 3.9632 6.3764 1.8483 17.2164 0.0910 9.6146
Car -1 -1 2.8477 717.7616 175.9688 861.1954 232.3156 1.8729 1.7568 4.5236 6.1228 1.9860 25.0921 3.0870 8.9880
Car -1 -1 3.3294 400.7558 181.9695 503.8530 220.1509 1.5607 1.6477 4.0623 -6.7077 1.9611 30.7874 3.1149 8.5048
Car -1 -1 0.3269 283.6198 165.0428 453.2124 233.9504 1.9300 1.7590 4.3702 -7.0104 1.7115 21.0990 0.0061 8.3762
Car -1 -1 -3.5011 807.4715 192.6156 1055.4870 272.9714 1.4733 1.6478 4.2795 6.2990 1.8991 14.6059 -3.0939 8.3213
Car -1 -1 3.2117 434.0475 176.6265 523.8021 214.0013 1.7899 1.7106 4.2793 -6.4843 1.9834 35.8534 3.0328 5.2561
Car -1 -1 0.1807 486.6791 182.4634 540.8974 203.1939 1.4924 1.5774 3.7738 -7.1529 2.2188 53.6337 0.0481 3.6475
Car -1 -1 -3.1578 681.3587 172.0612 723.6307 189.2234 1.4572 1.5381 3.5718 7.9356 1.3903 62.2231 -3.0310 0.4899
