Car -1 -1 -2.3375 727.6680 175.2050 818.2860 216.2971 1.4768 1.5415 3.3286 6.2090 1.5742 27.9586 -2.1189 12.1359
Car -1 -1 0.5903 0.0000 179.8242 352.8642 306.3466 1.5127 1.6359 4.2067 -5.8816 1.6148 9.6290 0.0420 11.5078
Car -1 -1 -1.7688 625.7607 176.6630 665.4885 204.1029 1.4446 1.5668 3.4159 1.9109 1.6672 40.2909 -1.7214 9.8683
Car -1 -1 -2.3845 0.0000 171.0246 169.1555 366.8261 1.6567 1.6504 3.6127 -6.6053 1.6416 6.9346 -3.1456 9.7064
Car -1 -1 -2.7710 268.3539 174.9441 420.8466 234.1571 1.5088 1.5266 3.5016 -7.0477 1.5672 19.2363 -3.1222 8.6200
Car -1 -1 -2.3646 928.4629 179.1933 1241.0000 374.0000 1.5645 1.5854 3.8899 2.8692 1.6071 2.8607 -1.5778 8.2097
Car -1 -1 3.4270 301.3501 178.8024 445.1757 229.7066 1.4218 1.5784 3.7206 -6.9167 1.6038 21.1920 3.1115 6.8848
Car -1 -1 3.5707 56.0179 182.3685 345.7848 281.7859 1.4876 1.6037 3.8513 -6.6246 1.6577 11.9248 3.0636 5.5767
Car -1 -1 -2.8477 326.0010 159.6864 481.3340 221.9053 1.9631 1.8033 4.5811 -6.7315 1.5480 23.7032 -3.1245 5.5559
Car -1 -1 1.6688 510.8937 175.2648 538.2306 196.5366 1.5311 1.6470 4.2434 -6.4462 1.7209 54.5543 1.5512 2.9039
Car -1 -1 3.3032 422.0640 177.1818 506.7356 207.5330 1.4568 1.6022 3.9066 -7.2016 1.6768 35.7512 3.1044 2.8687
Car -1 -1 -1.5482 612.5365 174.9716 636.5911 197.1289 1.4600 1.5781 3.7768 1.0073 1.6123 49.8290 -1.5280 0.9975
Car -1 -1 -2.9466 448.1174 175.3503 514.9003 200.7779 1.4692 1.5815 3.6526 -7.5987 1.6201 42.6744 -3.1229 0.3977
Car -1 -1 -1.4668 465.6170 159.4411 486.7575 175.5630 1.4646 1.5731 3.6595 -12.4972 0.2465 67.4324 -1.6501 -0.7757
