Car -1 -1 -2.7401 232.6465 183.6883 430.0814 251.0084 1.5218 1.6274 4.1586 -6.6994 1.7980 17.4802 -3.1061 10.7510
Car -1 -1 -1.7251 659.9562 175.7264 738.0218 236.9713 1.7301 1.7488 4.5452 2.6579 1.8308 22.9009 -1.6095 10.4590
Car -1 -1 -2.3288 890.3002 205.8858 1241.0000 374.0000 1.4420 1.5691 3.9408 2.9317 1.6932 3.4660 -1.6267 8.7985
Car -1 -1 -2.2759 0.0000 187.9352 171.0463 374.0000 1.6058 1.6461 4.1367 -6.4062 1.7575 6.2735 -3.0718 6.8582
Car -1 -1 -1.6735 646.0719 181.2845 688.6579 218.3257 1.5868 1.5944 3.7258 2.5817 2.0024 33.6480 -1.5969 6.3781
Car -1 -1 3.4201 319.3672 185.8376 472.9411 234.9707 1.4336 1.6196 4.2739 -6.5724 1.8504 22.3141 3.1336 6.1386
Car -1 -1 0.2997 294.3663 183.2068 461.5087 241.3111 1.5049 1.6198 4.0726 -6.3238 1.8014 19.8095 -0.0093 6.0221
Car -1 -1 0.1832 388.8073 174.0332 507.1788 219.7141 1.7913 1.7420 4.4464 -6.5415 1.8411 29.2920 -0.0365 5.7640
Car -1 -1 -1.5933 635.2016 181.2081 662.0256 206.3164 1.4756 1.6011 4.0087 2.3804 2.0295 45.7781 -1.5414 3.9891
Car -1 -1 -1.4371 513.6894 178.5806 544.8783 202.6896 1.5761 1.6382 3.9894 -5.5954 1.9904 50.1361 -1.5483 3.1521
Car -1 -1 1.6313 505.6058 181.3127 535.1680 206.7901 1.4791 1.6065 3.9275 -5.6091 2.0333 45.2322 1.5079 1.8363
Car -1 -1 -2.9817 444.8065 180.6014 523.5568 213.9327 1.6178 1.6270 3.6860 -6.3126 2.0163 36.2441 -3.1541 0.8415
Car -1 -1 3.3515 374.6803 177.8894 489.3542 221.9262 1.5816 1.6393 3.9101 -6.6325 1.7765 26.9930 3.1106 0.1402
Car -1 -1 1.3553 931.7229 149.7026 965.9959 169.7951 1.4990 1.5741 4.1818 26.5583 -0.2495 56.7138 1.7933 0.0826
Car -1 -1 -2.9151 405.2089 171.0664 498.3744 207.5648 1.5599 1.5936 3.7306 -6.9312 1.4839 31.6521 -3.1306 -0.0491
Car -1 -1 1.2918 818.9488 168.4038 853.5827 187.7348 1.4863 1.5889 3.9917 17.9549 1.1445 57.4865 1.5945 -0.2912
