Car -1 -1 -1.3139 237.7732 185.2777 482.9086 364.2330 1.4946 1.6043 4.0446 -2.6008 1.6744 8.3649 -1.6154 14.0414
Car -1 -1 -1.6873 663.4718 182.3625 718.8049 225.0894 1.4278 1.5933 3.8830 2.9105 1.8087 26.9253 -1.5797 13.4027
Car -1 -1 -1.3325 397.4962 182.6977 532.6819 282.6478 1.5344 1.5787 3.8195 -2.5691 1.7443 13.4037 -1.5219 13.1787
Car -1 -1 -1.9642 772.4559 168.9796 1230.7851 374.0000 1.6942 1.6435 3.6340 2.4246 1.6741 5.6377 -1.5581 12.4362
Car -1 -1 -1.8044 716.5875 186.7857 881.0380 307.3006 1.4683 1.5514 3.7049 2.6331 1.7182 11.0691 -1.5709 11.3294
Car -1 -1 -1.5723 555.0344 179.3260 585.8014 210.0862 1.6163 1.6519 3.8808 -2.2744 1.9998 40.7303 -1.6280 7.3460
Car -1 -1 -1.7598 647.3657 178.2031 691.3698 210.8993 1.6679 1.6627 4.0625 3.1645 1.9776 39.6055 -1.6801 7.2170
Car -1 -1 1.5328 449.3115 185.0638 532.5540 263.2439 1.5001 1.6815 4.4537 -2.9395 1.8268 16.9301 1.3609 2.8210
Car -1 -1 -1.6599 637.5795 175.6084 663.6570 199.1103 1.7468 1.6750 3.9244 3.0967 1.9689 56.0824 -1.6047 2.4002
Car -1 -1 2.9471 510.5449 153.6869 561.6602 172.0943 1.5000 1.6015 4.0124 -6.2011 -0.0645 60.2587 2.8446 -0.7964
