Car -1 -1 2.0890 6.8126 195.3292 290.2049 338.8774 1.6100 1.6669 4.2205 -6.6009 2.0160 10.8891 1.5441 12.8819
Car -1 -1 1.7127 457.9792 185.9675 524.8926 235.2566 1.4884 1.6923 4.4064 -4.0806 1.9869 25.1856 1.5521 12.2436
Car -1 -1 1.8839 326.5611 192.6120 425.0996 250.8338 1.4733 1.6377 4.0407 -6.9368 2.1221 21.6521 1.5738 11.3163
Car -1 -1 -1.6000 630.9007 181.7400 660.0484 208.1253 1.4647 1.6268 3.9237 2.0586 2.0234 43.3591 -1.5525 9.4902
Car -1 -1 2.9127 715.2321 171.2885 810.0019 202.3967 1.5310 1.6778 4.4094 7.6099 1.4543 36.3977 3.1188 7.0047
Car -1 -1 1.6726 505.3046 185.6887 544.5259 217.8232 1.4478 1.5674 3.7293 -4.2184 2.1198 35.8809 1.5555 6.8713
Car -1 -1 2.9833 704.4827 166.5478 790.3200 197.7101 1.6574 1.6900 4.3757 7.3906 1.3224 39.2788 3.1693 3.1818
Car -1 -1 1.7728 446.7731 186.6195 496.4166 221.9876 1.6125 1.6528 4.2958 -7.0107 2.3549 36.7335 1.5842 2.9106
Car -1 -1 -0.5584 872.0771 159.3629 937.2741 182.3123 1.6329 1.6795 4.1308 21.3988 0.6733 52.5146 -0.1715 1.2209
Car -1 -1 0.9764 395.1831 181.3948 444.2971 203.6891 1.4632 1.5607 3.6213 -13.3651 2.0824 50.4949 0.7176 0.6659
Car -1 -1 -0.6360 905.7655 151.7191 980.5202 176.7249 1.5490 1.6659 4.1410 21.1544 0.2401 45.9277 -0.2043 -0.4877
