Car -1 -1 -1.3408 396.2797 184.0607 482.9437 239.8500 1.4023 1.5577 3.5346 -4.5783 1.3744 19.8344 -1.5677 13.7688
Car -1 -1 -1.1648 155.6614 184.2612 391.9294 316.5596 1.5771 1.6426 4.0042 -4.6356 1.5668 10.5735 -1.5780 13.0389
Car -1 -1 -0.9945 58.6012 178.7298 213.8755 246.7075 1.5946 1.6044 3.7179 -12.1252 1.4436 18.7186 -1.5693 12.1278
Car -1 -1 -1.2589 336.3014 180.9825 407.9461 221.4382 1.4599 1.5576 3.7455 -9.0626 1.3083 27.8127 -1.5739 9.1295
Car -1 -1 -0.8647 0.0000 188.9350 105.1137 354.7825 1.5630 1.6037 3.8778 -8.3193 1.6201 8.8356 -1.6200 8.9812
Car -1 -1 -1.5597 574.7811 175.8479 610.7038 210.1869 1.5857 1.6590 3.7472 -0.7462 1.1543 35.0738 -1.5810 8.5114
Car -1 -1 -1.3805 435.8511 178.6928 496.3593 220.5503 1.5128 1.6110 3.8002 -5.4524 1.2782 27.8792 -1.5736 7.6234
Car -1 -1 -1.5110 490.1438 160.2823 534.8003 210.4124 2.3348 1.9249 4.8962 -4.7242 1.1746 35.9862 -1.6415 6.2301
Car -1 -1 -1.1556 181.9974 185.9962 315.6045 252.7681 1.4644 1.5802 3.6706 -8.6993 1.4868 17.6729 -1.6130 5.7377
Car -1 -1 -1.3570 419.4986 167.7420 463.6752 196.0410 1.4393 1.5712 3.5948 -8.8435 0.5517 38.3648 -1.5836 4.7088
Car -1 -1 1.8888 325.9923 172.3373 369.3207 195.2481 1.4832 1.5818 3.9989 -17.5303 0.6506 48.5537 1.5423 0.2337
