Car -1 -1 -1.4685 494.0132 182.0312 548.7671 229.4867 1.6016 1.6497 3.8693 -3.2919 1.9709 27.0527 -1.5896 9.8353
Car -1 -1 1.8858 316.2108 190.5309 390.0216 231.9829 1.4586 1.6328 4.0536 -10.3266 2.2240 29.1786 1.5456 8.7149
Car -1 -1 1.8248 392.0761 188.7802 430.5763 212.2276 1.4414 1.6032 3.8416 -13.4465 2.5641 48.9100 1.5565 7.5767
Car -1 -1 -1.4962 578.4843 181.2168 608.7023 207.8155 1.6050 1.6662 4.0967 -1.0566 2.1736 46.9386 -1.5187 4.7658
Car -1 -1 1.7818 379.5593 184.0170 442.8701 226.0255 1.4633 1.6090 3.8417 -7.7094 1.9294 28.1381 1.5144 2.5828
Car -1 -1 1.7876 413.7391 183.9045 464.5599 219.0065 1.4688 1.5571 3.4553 -7.7985 2.0016 33.0232 1.5557 1.3287
Car -1 -1 -1.2609 646.0575 181.0617 691.1248 207.2065 1.4813 1.6160 4.0204 3.6216 2.0114 44.4035 -1.1795 0.4693
Car -1 -1 -1.6796 730.3264 178.3937 766.4397 205.6114 1.4633 1.6190 3.9412 7.9021 1.7990 41.6431 -1.4921 0.3028
Car -1 -1 -1.6892 685.8449 184.1040 741.7327 228.0245 1.4918 1.6285 4.0642 3.8485 1.9545 27.6019 -1.5507 0.1804
Car -1 -1 2.0423 94.9349 189.7033 300.7725 290.8665 1.5010 1.6388 4.0296 -7.4301 1.8625 13.4243 1.5367 -0.4675
