Car -1 -1 -1.5001 444.4115 182.0032 518.7053 249.4988 1.5225 1.6292 4.0190 -3.3094 1.7892 18.9194 -1.6733 12.1536
Car -1 -1 -1.7156 644.6240 172.2291 728.7974 245.7847 1.7531 1.6550 3.8293 1.8783 1.7386 19.1458 -1.6178 10.0913
Car -1 -1 1.6203 498.6179 181.1435 539.4349 217.9919 1.5052 1.6260 4.0037 -4.0740 1.9021 32.4536 1.4954 7.0768
Car -1 -1 -1.7072 624.5562 182.3988 675.4784 222.2239 1.4627 1.5659 3.6735 1.5212 1.8758 29.3037 -1.6553 6.5808
Car -1 -1 -1.6062 604.2195 177.6436 625.6955 196.2805 1.4589 1.6255 4.0164 0.3562 1.8681 59.5535 -1.6002 4.8494
Car -1 -1 1.6012 530.0865 179.5714 553.1417 201.9471 1.5665 1.5933 3.8096 -5.0797 2.0844 53.6365 1.5068 1.5027
Car -1 -1 -1.4387 469.2287 162.9372 504.2234 189.3667 1.6727 1.7084 4.5613 -8.1711 1.0454 47.9729 -1.6074 1.1858
Car -1 -1 -1.7015 641.6584 182.9909 701.9352 231.4431 1.4652 1.5498 3.7138 1.9780 1.8364 24.5017 -1.6209 0.6517
Car -1 -1 2.4254 0.0000 205.6507 219.4573 374.0000 1.4607 1.5584 3.5616 -2.8918 1.6440 2.1910 1.5030 0.3731
Car -1 -1 1.6560 479.2300 181.0822 531.0411 225.3835 1.5746 1.6719 4.3476 -4.1320 1.9274 28.6847 1.5130 0.1128
Car -1 -1 -1.3511 417.0637 167.6486 458.9744 194.4264 1.5246 1.6190 3.9132 -10.2371 1.2286 43.0456 -1.5846 -0.0837
Car -1 -1 -1.7159 690.4630 144.2556 740.3230 179.1214 1.4816 1.6449 4.1131 4.6686 0.2667 32.7183 -1.5741 -0.6226
