Car -1 -1 -0.9883 61.1923 185.3312 217.6543 243.6861 1.3894 1.5932 3.8834 -12.2611 1.3939 19.0699 -1.5597 12.0620
Car -1 -1 -1.5336 605.0325 176.7815 678.5048 247.6468 1.5458 1.6090 3.5889 0.8473 1.3630 17.5334 -1.4853 11.9034
Car -1 -1 -1.1536 128.8958 187.9248 404.0775 326.7282 1.4856 1.6780 4.5418 -4.3930 1.5332 10.0539 -1.5656 11.8375
Car -1 -1 -0.8001 0.0000 179.9087 82.6359 375.0000 1.6039 1.7181 4.5814 -8.1245 1.5654 7.6807 -1.6136 6.3646
Car -1 -1 2.0414 162.6762 174.8932 229.5658 203.0257 1.4785 1.6251 3.8847 -22.7032 0.9371 39.7543 1.5225 2.7336
Car -1 -1 -1.4418 655.2791 181.8579 690.6693 209.4921 1.5131 1.5756 3.6037 3.7575 1.3303 41.2862 -1.3511 2.5378
Car -1 -1 -1.1664 219.8534 156.1150 321.8406 210.9981 1.8241 1.7627 4.3828 -12.1187 0.8580 26.1049 -1.6010 2.4528
Car -1 -1 1.9635 287.0499 179.1822 338.6289 203.1136 1.4815 1.6381 4.1237 -19.0544 1.1091 46.5639 1.5750 0.6128
Car -1 -1 1.6225 718.6589 180.4480 739.6251 197.6734 1.4842 1.6364 4.0876 10.8424 1.0745 64.1061 1.7900 0.3094
Car -1 -1 -1.7399 703.7518 186.7816 734.4216 207.8987 1.4687 1.5889 3.7173 8.0175 1.5875 52.1419 -1.5874 -0.6564
