Car -1 -1 -1.3603 394.2251 181.6857 514.0502 266.9576 1.5086 1.6372 4.0372 -3.1682 1.7198 15.2040 -1.5658 14.0210
Car -1 -1 -1.7444 692.6327 177.2650 806.7780 262.4321 1.5296 1.6302 4.0790 2.7335 1.6355 15.2109 -1.5666 13.8967
Car -1 -1 1.8297 295.1006 190.7092 481.6998 332.2697 1.4841 1.5313 3.4572 -2.8228 1.7689 9.7479 1.5478 13.3543
Car -1 -1 -1.7359 654.4364 175.3331 715.8213 219.3891 1.4456 1.5685 3.7721 2.5673 1.5413 25.8242 -1.6368 9.6331
Car -1 -1 -1.7335 673.7580 178.6086 752.4754 235.5990 1.4441 1.5877 3.9366 2.8014 1.6252 20.6723 -1.5988 9.5531
Car -1 -1 -1.4628 510.4993 175.9289 563.1376 220.0189 1.5777 1.6353 3.7296 -2.8099 1.7051 27.9480 -1.5630 9.1538
Car -1 -1 -1.6454 631.6846 171.3919 659.3649 194.1656 1.4741 1.5881 3.6104 2.3250 1.3799 48.5283 -1.5975 4.5699
Car -1 -1 -0.9538 47.5297 138.1978 145.6448 173.9197 1.4436 1.5816 3.7057 -21.9813 0.0434 31.0088 -1.5705 4.4072
Car -1 -1 1.6452 541.2920 175.2132 575.3271 204.6473 1.4985 1.5582 3.7471 -2.7795 1.6322 38.9082 1.5738 4.2568
Car -1 -1 -1.6964 650.7314 169.2774 703.0884 214.0196 1.7341 1.6771 3.8522 2.6643 1.5958 29.9172 -1.6075 4.1646
Car -1 -1 1.6581 567.9568 173.1990 589.3705 190.0337 1.4826 1.5987 4.1015 -2.8438 1.5154 65.7122 1.6149 0.0083
Car -1 -1 1.4345 672.6953 148.7066 702.6925 170.3815 1.5037 1.6305 4.0518 5.5917 -0.1868 52.5709 1.5405 -0.1124
Car -1 -1 1.6513 529.3216 164.6687 549.9791 181.6317 1.4566 1.5390 3.5322 -6.2099 0.7541 63.7354 1.5542 -0.4299
Car -1 -1 -0.5018 519.1633 160.5023 573.6890 180.0676 1.4847 1.6079 3.9720 -4.9893 0.5478 56.5234 -0.5899 -0.4593
