Car -1 -1 -2.3505 946.6206 188.9791 1241.0000 374.0000 1.4979 1.5993 3.9444 3.0491 1.6099 3.0102 -1.5587 9.2486
Car -1 -1 -3.6109 1040.0230 174.2378 1241.0000 249.2030 1.5254 1.6001 3.8961 11.8454 1.5583 15.8435 -2.9689 9.2258
Car -1 -1 -1.8558 648.3577 174.2246 727.7049 226.2263 1.6196 1.6478 3.8848 2.5233 1.6707 24.6388 -1.7537 8.3184
Car -1 -1 -3.3420 818.1425 177.5377 1014.8318 246.8892 1.4812 1.6061 3.9475 6.8983 1.5977 16.7274 -2.9509 8.3027
Car -1 -1 2.5496 0.0000 211.4215 150.9000 374.0000 1.4904 1.5146 3.7570 -3.7616 1.7362 2.6891 1.5995 7.3748
Car -1 -1 -1.7254 583.7862 177.2480 624.1134 205.6915 1.4463 1.6117 3.8811 -0.4157 1.6988 39.3648 -1.7360 6.2948
Car -1 -1 2.4596 536.3042 173.8098 590.9537 196.8043 1.6664 1.6443 3.9625 -3.4946 1.7414 54.3967 2.3954 6.0448
Car -1 -1 -0.8399 705.9975 170.2937 751.6504 189.1826 1.4562 1.5516 3.6361 9.4398 1.2592 57.3671 -0.6768 2.1396
Car -1 -1 2.2124 73.6287 182.9510 180.7544 225.2836 1.4697 1.5416 3.6673 -18.5231 1.8855 27.8138 1.6248 1.7216
Car -1 -1 2.0814 165.1346 172.5084 217.4010 194.1871 1.5268 1.6219 3.8698 -30.5772 1.5028 52.7601 1.5562 -0.3771
Car -1 -1 1.3404 616.1571 173.2132 651.0484 196.0246 1.5474 1.6140 3.8995 1.6000 1.5743 51.0799 1.3717 -0.7416
