Car -1 -1 -1.8558 892.1353 165.8330 1037.4649 256.4787 1.5998 1.6332 3.7164 6.9788 1.4762 14.6952 -1.4125 13.2246
Car -1 -1 -1.4948 654.1102 176.0735 736.3008 254.3230 1.6303 1.6551 3.8699 2.0880 1.7168 17.2587 -1.3744 11.9601
Car -1 -1 -2.2275 0.0000 205.9132 265.3976 360.7600 1.5672 1.5404 3.1822 -6.2412 2.0376 9.0387 -2.8318 9.2836
Car -1 -1 -1.7284 862.8946 173.5989 948.7407 236.7370 1.6247 1.6385 4.0811 8.3471 1.6488 20.7871 -1.3466 7.9979
Car -1 -1 -2.2249 1114.3163 183.2353 1241.0000 374.0000 1.4618 1.5855 3.8909 3.7889 1.5353 2.9998 -1.3238 7.2973
Car -1 -1 -1.6015 715.6782 179.4532 756.2764 217.2403 1.4696 1.5743 3.5844 5.2492 1.7671 30.6017 -1.4316 4.8994
Car -1 -1 -1.6820 841.2304 164.9139 893.6513 213.8621 1.9647 1.6867 3.9143 10.9644 1.6463 31.0555 -1.3426 4.8862
Car -1 -1 -1.5247 673.3181 172.9736 735.4671 237.2035 1.7883 1.7117 3.9714 2.9359 1.7926 22.1994 -1.3932 4.7964
Car -1 -1 1.6902 714.1743 178.3168 758.7370 214.6055 1.5876 1.6364 3.8783 6.0207 1.8634 34.2871 1.8640 2.6392
Car -1 -1 -1.6000 832.5252 168.1638 865.5967 201.4081 1.8048 1.6732 3.9262 13.5979 1.5506 41.2898 -1.2819 1.8045
Car -1 -1 1.7953 477.7735 159.0826 502.6167 174.5954 1.4923 1.5772 4.0027 -11.8471 0.1679 71.4522 1.6310 0.5367
