Car -1 -1 -2.6390 126.5253 180.7663 385.7821 271.6291 1.5697 1.6433 4.0890 -6.5685 1.7288 13.5484 -3.0904 11.6716
Car -1 -1 -1.7484 670.4752 172.5326 765.4555 248.7657 1.7792 1.7320 4.0760 2.6493 1.7720 18.9068 -1.6092 11.5432
Car -1 -1 0.3618 215.1124 179.1532 432.6329 254.2004 1.5584 1.6320 4.1667 -6.2541 1.7054 15.9616 -0.0117 9.5290
Car -1 -1 -1.6738 651.9157 180.4073 700.8582 221.9437 1.5585 1.6060 3.8207 2.6259 1.8898 29.6906 -1.5856 8.8927
Car -1 -1 3.3409 332.2490 178.1498 467.2273 231.1183 1.6074 1.5917 3.9001 -6.6710 1.7839 23.0386 3.0590 7.1091
Car -1 -1 0.3660 272.0429 180.5597 447.1265 244.9468 1.5431 1.5777 3.9014 -6.3300 1.7486 18.3488 0.0338 5.7212
Car -1 -1 -1.6712 635.6840 179.7167 669.9205 206.5110 1.4446 1.5934 3.8862 2.4054 1.8622 41.8859 -1.6138 5.2334
Car -1 -1 -1.7348 660.7687 183.0422 726.8740 233.3157 1.5025 1.6070 3.6539 2.6833 1.8708 24.1860 -1.6243 4.0465
Car -1 -1 0.2255 360.3089 171.2477 497.4381 224.7401 1.8120 1.7370 4.3958 -6.3217 1.7579 25.3480 -0.0189 3.0507
Car -1 -1 0.1418 446.6573 178.5947 525.1031 207.1757 1.5358 1.6354 4.0963 -6.8683 1.8613 39.9950 -0.0282 2.4479
Car -1 -1 3.1131 479.0486 177.4232 536.3157 204.6072 1.6354 1.5965 3.4646 -6.4054 1.9267 44.8498 2.9713 2.0822
Car -1 -1 -1.6090 628.3210 176.6872 652.9756 200.5116 1.6492 1.6371 3.9831 2.1718 1.9396 52.5814 -1.5677 1.4297
Car -1 -1 -2.9134 421.0764 174.7728 509.7038 211.8901 1.6175 1.6056 3.6327 -6.4858 1.7063 32.3876 -3.1110 1.4184
Car -1 -1 -1.5977 781.7991 164.2312 805.1979 184.5024 1.4659 1.5943 3.8976 13.7373 0.8427 54.2512 -1.3497 1.0091
Car -1 -1 -2.8810 375.9455 165.1955 483.1334 204.2610 1.4506 1.5609 3.7015 -6.8909 1.1666 27.6004 -3.1256 0.7207
Car -1 -1 1.5269 819.2433 165.2140 846.1675 187.3255 1.4985 1.6378 4.0374 15.6906 0.9811 51.0562 1.8251 -0.0395
