Car -1 -1 2.1404 0.0000 170.8075 215.7099 296.7943 2.0373 1.8155 4.5722 -9.7769 2.0045 13.9859 1.5303 10.0164
Car -1 -1 -1.4932 512.4862 177.9388 555.8583 216.1260 1.5986 1.6583 3.8926 -3.4170 1.8433 32.6949 -1.5974 9.2517
Car -1 -1 1.8146 390.8560 185.5470 439.7561 215.1565 1.4638 1.6570 4.0290 -10.6094 2.1937 39.4382 1.5518 5.6980
Car -1 -1 -1.5481 579.2554 176.9282 605.4071 201.9354 1.5400 1.6173 3.7269 -1.1460 1.8157 46.9026 -1.5725 3.4715
Car -1 -1 1.8117 383.4295 179.1737 446.2614 220.6247 1.5046 1.5884 3.5883 -7.6866 1.7709 28.5515 1.5488 2.5443
Car -1 -1 1.5344 639.9667 177.3647 665.2635 199.7098 1.4602 1.5991 3.8680 2.8829 1.7846 49.8850 1.5921 2.0951
Car -1 -1 1.9160 256.1763 184.0453 380.3501 253.7028 1.5259 1.6454 4.1260 -7.3757 1.8467 18.5637 1.5378 0.9752
Car -1 -1 2.0458 214.8759 196.9853 269.4166 221.8152 1.4909 1.6055 4.1606 -25.1652 3.2149 49.4541 1.5751 0.0137
Car -1 -1 -1.7610 670.3436 179.4871 725.1262 217.2391 1.4708 1.6015 3.8857 3.6337 1.7727 30.8056 -1.6436 -0.2333
Car -1 -1 -1.7699 779.3404 171.7366 836.3070 210.0208 1.5620 1.6368 3.9182 8.5017 1.5167 31.4437 -1.5059 -0.4360
