Car -1 -1 -1.4432 602.9795 180.1698 697.5927 257.5145 1.4923 1.6314 4.1900 0.9993 1.6829 16.5477 -1.3829 14.0222
Car -1 -1 -1.6983 856.4455 173.9247 991.6164 285.6001 1.6318 1.6353 3.8628 5.2639 1.6541 12.6590 -1.3043 13.3109
Car -1 -1 -1.3572 642.0197 180.5388 726.4550 240.2951 1.5335 1.6363 4.1188 2.2438 1.7842 21.2947 -1.2522 8.0922
Car -1 -1 -1.6089 825.7190 177.7590 865.4892 212.8568 1.4901 1.5865 3.8148 10.7638 1.7305 33.2556 -1.2958 7.4084
Car -1 -1 -1.6993 841.5128 183.2175 933.8965 253.9819 1.4924 1.6215 3.8621 6.7033 1.7794 17.8844 -1.3407 4.6696
Car -1 -1 -1.7091 815.8376 176.3329 851.7621 203.4353 1.6036 1.6325 3.8103 13.9431 1.8316 45.2157 -1.4100 4.0166
Car -1 -1 -1.5450 732.5213 177.8135 759.1128 202.5731 1.5408 1.6333 3.9849 9.0128 1.8847 47.8673 -1.3588 3.4630
Car -1 -1 -1.6760 806.2920 170.1258 830.8494 188.2032 1.4940 1.6037 3.9796 17.7860 1.2689 61.7269 -1.3954 0.8329
Car -1 -1 -1.9121 897.9423 142.6229 972.8328 184.8454 1.6977 1.6571 4.0837 13.8808 0.4825 31.1098 -1.4924 -0.1627
Car -1 -1 1.3649 715.1386 156.3588 740.6481 172.2946 1.4735 1.6153 4.0000 11.2044 -0.0546 68.8919 1.5262 -0.4196
