Car -1 -1 -1.2993 346.3176 180.0784 451.5166 244.9587 1.4761 1.5940 3.7959 -5.2106 1.3604 18.2542 -1.5773 13.2377
Car -1 -1 -1.1826 180.6336 188.9838 399.5074 313.9617 1.4784 1.5809 3.7135 -4.3993 1.5442 10.4760 -1.5801 11.2948
Car -1 -1 -0.8508 0.0000 198.4889 107.0635 361.8680 1.4609 1.5798 4.0450 -8.3306 1.6626 8.8079 -1.6083 9.7965
Car -1 -1 -1.5598 575.0870 174.9018 613.4230 210.4226 1.5472 1.6700 3.8874 -0.6393 1.0991 33.2582 -1.5790 9.4058
Car -1 -1 -1.4522 449.2812 157.0411 515.5138 222.4707 2.1889 1.8504 4.6855 -4.5393 1.2474 26.4319 -1.6223 8.9689
Car -1 -1 -1.1067 183.0083 183.5510 317.7881 248.5653 1.4835 1.5943 3.6251 -8.9349 1.4467 18.2183 -1.5627 7.3986
Car -1 -1 -1.4780 507.3570 172.5342 538.4026 199.0621 1.6156 1.6211 3.7360 -5.3755 0.8444 45.6640 -1.5952 1.6318
Car -1 -1 1.7797 399.8384 166.6279 425.4360 182.9255 1.4636 1.5560 3.7740 -18.1656 -0.2185 67.0210 1.5151 1.5353
Car -1 -1 -1.3719 432.4280 164.4052 472.9386 190.8478 1.4818 1.6079 3.7896 -9.0740 0.3167 42.1838 -1.5838 1.0959
Car -1 -1 1.6292 651.9432 169.5924 675.1963 188.4844 1.4792 1.6448 4.2084 4.5584 0.2571 58.4769 1.7070 1.0908
Car -1 -1 -2.3075 955.3097 246.0797 1240.0000 375.0000 1.4660 1.5973 3.8232 3.5350 1.9572 3.8700 -1.5673 1.0410
Car -1 -1 2.0066 243.2780 170.2727 329.9866 211.7348 1.4652 1.5834 3.7063 -12.1097 0.9383 27.2664 1.5887 0.2100
Car -1 -1 -1.3148 349.0306 171.5563 418.4361 216.7299 1.6195 1.6306 3.8540 -8.5863 1.1310 27.7296 -1.6151 -0.2997
