Car -1 -1 -1.3071 355.8309 183.5430 486.7149 268.8707 1.4913 1.5948 3.7921 -3.6319 1.4632 14.4695 -1.5530 14.5502
Car -1 -1 -1.1095 157.1534 175.6681 326.3313 262.3854 1.6538 1.6636 4.0019 -7.8115 1.4729 15.7071 -1.5710 11.5047
Car -1 -1 -0.8739 0.0000 198.9957 130.3783 345.3787 1.4378 1.6153 3.9650 -8.4022 1.6584 9.4407 -1.6011 11.3259
Car -1 -1 -1.5546 580.6517 177.7055 619.8541 215.8613 1.6028 1.6471 3.6006 -0.3417 1.2884 31.9973 -1.5653 9.4335
Car -1 -1 -0.9501 11.3530 186.5707 176.3204 252.2742 1.4188 1.5600 3.3482 -12.2016 1.4556 17.2665 -1.5653 7.7600
Car -1 -1 -1.4241 485.2253 174.5681 546.6429 224.0749 1.7106 1.6981 4.0789 -3.3880 1.3438 26.8922 -1.5494 7.3741
Car -1 -1 -1.3867 451.2471 178.9087 491.9451 205.9786 1.4783 1.6180 3.8272 -7.7723 1.1350 41.1702 -1.5733 6.7724
Car -1 -1 -1.3295 311.6334 187.8245 393.6386 238.5804 1.4311 1.5761 3.6254 -7.8645 1.5202 22.3390 -1.6680 5.7969
Car -1 -1 -1.4252 495.5424 177.4620 520.8019 195.4636 1.4727 1.5787 3.8149 -8.3912 0.8395 60.7210 -1.5625 1.5616
Car -1 -1 -1.2166 278.7998 180.3512 351.4617 217.0570 1.4751 1.6242 3.9358 -12.5053 1.2807 30.8760 -1.6015 1.0948
Car -1 -1 -1.3661 442.9066 176.6394 473.0060 196.2604 1.4836 1.5651 3.8131 -11.6998 0.8362 56.2563 -1.5711 -0.7475
