Car -1 -1 -1.8727 757.3173 192.3085 982.5804 342.5422 1.3655 1.5426 3.2873 2.7997 1.6433 8.6359 -1.5592 13.5130
Car -1 -1 -0.3816 827.7957 174.0229 1083.9139 265.9968 1.6310 1.6566 4.0778 6.3752 1.6552 13.7507 0.0525 12.1478
Car -1 -1 0.5549 28.4612 179.7314 367.0323 294.9410 1.6091 1.6554 4.3079 -6.2281 1.7241 11.1059 0.0438 11.8753
Car -1 -1 3.4934 202.0730 186.2190 426.2776 256.3709 1.4354 1.6583 4.2936 -6.4721 1.7488 16.0016 3.1091 10.5734
Car -1 -1 0.7671 0.0000 184.6754 252.6261 374.0000 1.5540 1.6520 4.2124 -5.7365 1.6742 6.4086 0.0370 10.1471
Car -1 -1 0.6940 0.0000 183.5907 281.6972 322.9476 1.4943 1.5329 3.7367 -6.2539 1.6388 8.7778 0.0749 8.9401
Car -1 -1 3.3621 331.4127 177.8427 469.6432 230.1146 1.5862 1.6430 3.9708 -6.6371 1.7522 23.0114 3.0813 8.7411
Car -1 -1 -1.6534 638.0021 179.6313 671.5676 206.8110 1.4899 1.6428 3.9989 2.5627 1.9091 42.5726 -1.5933 8.6177
Car -1 -1 3.6009 113.1380 180.9359 359.4579 265.2570 1.4819 1.6024 3.8318 -6.9884 1.6446 13.6635 3.1281 8.1266
Car -1 -1 -0.3260 765.9967 181.8678 939.4354 241.4569 1.4870 1.6388 4.0355 6.2787 1.7364 19.0923 -0.0083 8.0521
Car -1 -1 -2.7408 257.2845 179.8369 444.5158 244.7736 1.5582 1.6637 4.1954 -6.5894 1.7466 18.4683 -3.0835 7.9048
Car -1 -1 -0.2595 706.5373 183.8252 834.5618 224.3748 1.4370 1.6427 4.3967 5.8967 1.8616 26.9813 -0.0443 7.2814
Car -1 -1 -2.1729 935.4835 159.5048 1000.1577 184.5638 1.4795 1.6152 3.9724 22.0421 0.6917 44.6776 -1.7146 0.2445
Car -1 -1 1.4439 674.4307 178.9397 702.3356 199.3328 1.4961 1.6404 4.1923 6.0511 1.9892 56.3035 1.5510 -0.6682
