Car -1 -1 -1.7036 629.3963 181.3420 684.7989 221.8724 1.4133 1.6108 4.0806 1.7175 1.7691 28.1262 -1.6426 13.2622
Car -1 -1 2.5328 872.6668 183.5487 1231.4621 308.7311 1.5078 1.6175 3.9609 5.7926 1.6677 9.8068 3.0664 11.8212
Car -1 -1 -0.4759 790.2417 190.1096 1074.1068 283.7999 1.4711 1.6531 4.2693 5.4656 1.7973 12.6539 -0.0682 11.3095
Car -1 -1 3.7525 0.0000 180.2938 232.2341 332.5438 1.5830 1.6343 3.8682 -6.8962 1.6812 8.5394 3.0732 10.0121
Car -1 -1 3.4423 288.5360 181.7446 453.3730 231.7032 1.4636 1.6533 4.5538 -7.3393 1.7495 22.3092 3.1245 8.8003
Car -1 -1 3.3824 340.3490 182.9948 476.5932 227.4966 1.4560 1.6275 4.2608 -6.9124 1.8185 24.8826 3.1114 8.0293
Car -1 -1 -0.7399 1004.4803 192.2702 1241.0000 365.9291 1.4908 1.5853 3.7284 6.1907 1.7088 7.2340 -0.0321 7.7504
Car -1 -1 0.5589 0.0000 149.5404 313.6183 284.7896 1.9155 1.7642 4.4647 -7.2225 1.5857 11.1352 -0.0165 6.3914
Car -1 -1 -0.3442 777.4491 172.5348 998.3916 254.9899 1.6144 1.6294 3.9565 5.5859 1.6085 14.9651 0.0130 3.3714
Car -1 -1 -1.6372 616.0322 176.7675 646.9637 203.1347 1.4847 1.5900 3.8203 1.2117 1.7296 43.1416 -1.6092 0.5672
Car -1 -1 1.4214 680.1246 176.4096 720.9178 204.2004 1.4923 1.6774 4.4374 5.1172 1.7085 41.5557 1.5439 0.3175
Car -1 -1 -1.6449 612.8555 170.2992 640.8821 193.5969 1.5025 1.5942 3.8667 1.0671 1.3381 48.5020 -1.6229 -0.1023
