Car -1 -1 1.9208 304.4839 185.7631 432.6313 263.4404 1.5882 1.6395 4.0382 -5.7209 1.9378 17.4750 1.6045 12.3424
Car -1 -1 1.8306 388.9163 186.6640 469.0755 238.3791 1.4302 1.5525 3.7121 -5.6684 1.9031 22.8184 1.5871 10.7428
Car -1 -1 1.7518 466.7219 182.7002 515.4744 216.1793 1.4230 1.5790 3.8755 -5.5389 1.9108 33.7656 1.5892 8.4631
Car -1 -1 -0.8064 0.0000 199.3786 175.5630 374.0000 1.6699 1.6820 4.1499 -5.8483 1.9724 6.1392 -1.5675 8.3282
Car -1 -1 1.7885 433.4436 183.9512 493.6959 225.8798 1.4470 1.5185 3.6221 -5.5878 1.9014 27.6895 1.5893 7.6458
Car -1 -1 -3.4495 792.3996 155.9291 905.8483 195.9162 1.5819 1.6564 4.0741 9.6321 0.9127 29.3883 -3.1328 4.9561
Car -1 -1 1.7831 498.3200 179.8715 540.1883 208.2602 1.5059 1.5901 3.9070 -5.1727 1.9274 41.2837 1.6585 4.7587
Car -1 -1 1.8179 453.5461 168.2632 489.3098 189.9000 1.4618 1.5897 3.7905 -9.7176 1.1520 50.6841 1.6284 4.6085
Car -1 -1 -2.0400 929.6477 150.2520 991.3900 178.4248 1.5227 1.6250 3.7364 19.7460 0.3015 40.8791 -1.5900 4.1467
Car -1 -1 -1.7018 662.2933 171.7971 707.9065 205.9940 1.5848 1.6799 4.2755 3.6005 1.5361 35.5969 -1.6010 3.7161
Car -1 -1 -1.7841 725.6939 167.8180 771.6783 196.7208 1.4576 1.5929 3.9403 7.2781 1.2040 38.3752 -1.5967 2.4364
Car -1 -1 2.8398 762.8255 159.2075 852.3614 193.2820 1.5840 1.6095 3.8112 9.3407 0.9500 34.4140 3.1048 2.2633
Car -1 -1 1.6974 509.1572 180.7231 541.7366 206.4037 1.4897 1.5652 3.6247 -5.2405 1.9984 44.7874 1.5809 1.0581
Car -1 -1 3.7549 0.0000 152.6467 63.2385 258.1841 1.5306 1.6232 3.9281 -11.4929 1.2379 11.5903 2.9737 0.9374
Car -1 -1 1.1867 1037.0957 140.7394 1113.3222 173.4987 1.4981 1.6531 4.2231 22.5546 0.0298 35.2213 1.7563 -0.5426
Car -1 -1 1.3751 479.3596 168.5098 505.3012 185.4117 1.4965 1.6113 3.8926 -10.8091 1.1122 65.9876 1.2128 -0.6629
