Car -1 -1 -1.8985 751.4185 180.2728 959.7719 315.4500 1.4750 1.5563 3.5479 3.0511 1.5952 9.8622 -1.5985 13.4462
Car -1 -1 1.9208 275.0493 190.1253 409.1781 273.4254 1.5379 1.5822 3.7236 -5.8012 1.9648 15.9535 1.5720 11.9469
Car -1 -1 -1.8633 706.5159 179.3578 831.6647 262.9574 1.5113 1.5838 3.5052 3.1426 1.6646 15.1393 -1.6586 11.1609
Car -1 -1 1.8091 370.6477 188.9934 454.8107 246.1595 1.4547 1.5759 3.5956 -5.7384 1.9700 21.2023 1.5448 10.1629
Car -1 -1 -1.7523 692.7429 179.6259 770.3252 235.8487 1.4457 1.5476 3.6832 3.3682 1.6593 20.8562 -1.5921 6.7155
Car -1 -1 0.5795 0.0000 184.3816 95.1670 249.5647 1.4548 1.5604 3.7082 -14.9776 1.7505 17.4717 -0.1292 3.3500
Car -1 -1 2.1421 158.4522 173.1590 258.3661 212.2788 1.4679 1.6143 4.0062 -16.1366 1.4815 29.1564 1.6366 2.3452
Car -1 -1 -1.9585 831.1376 159.8904 871.5185 179.4946 1.4532 1.5989 3.8550 18.4713 0.4926 55.4580 -1.6370 2.2062
Car -1 -1 -2.7825 377.3850 179.5050 441.1629 203.3100 1.4528 1.5820 3.5460 -12.6629 1.8813 45.5010 -3.0539 1.3455
Car -1 -1 -1.3845 527.2004 158.8319 551.9738 175.9943 1.6072 1.6584 4.0618 -6.7823 0.2944 69.6622 -1.4815 -0.2093
