Car -1 -1 2.0196 197.8636 195.4166 365.5459 291.8650 1.5045 1.5607 3.4545 -6.1434 1.9918 13.8213 1.6013 13.3951
Car -1 -1 -1.7666 689.7483 178.4373 790.1634 252.4381 1.5622 1.6302 3.9126 2.9699 1.7134 17.5061 -1.5985 12.1230
Car -1 -1 1.9050 327.8686 190.3226 435.5406 254.3882 1.4626 1.5958 3.8085 -6.0628 1.9806 19.4502 1.6028 11.9783
Car -1 -1 1.7724 419.5990 179.7156 484.7423 225.9811 1.6086 1.6559 4.1063 -6.0225 1.8926 27.7598 1.5588 8.3423
Car -1 -1 1.7877 455.3534 181.1030 508.0790 216.7980 1.5586 1.6402 4.1040 -6.1083 1.9778 34.5500 1.6127 5.0815
Car -1 -1 -1.6114 635.8327 175.5196 654.4100 191.6462 1.4324 1.5639 3.4702 3.1907 1.6846 66.4041 -1.5634 4.0844
Car -1 -1 1.5880 561.5057 177.7714 581.3027 195.8988 1.4893 1.6431 3.9632 -3.3310 1.9285 62.3785 1.5347 3.2009
Car -1 -1 1.7069 493.8305 180.1726 527.6305 205.9517 1.5158 1.6075 3.8025 -6.2349 1.9961 45.4057 1.5705 2.0910
Car -1 -1 1.6806 525.8564 179.1035 550.7348 197.9660 1.4874 1.6346 4.0665 -5.9798 2.0277 60.2899 1.5817 1.8705
Car -1 -1 3.8811 0.0000 204.2615 70.1258 308.5531 1.4678 1.5996 3.9026 -11.2579 2.0082 11.5382 3.1080 0.0060
Car -1 -1 -1.1296 677.6776 174.3724 714.8390 192.4417 1.4588 1.6063 3.8656 7.2603 1.5911 60.6590 -1.0105 -0.0650
Car -1 -1 -0.5780 1124.3705 149.8924 1202.0768 171.7786 1.5205 1.6643 4.1398 39.1830 -0.0774 51.2078 0.0752 -0.2780
