Car -1 -1 -1.9580 774.7262 191.6701 1086.9698 372.8611 1.4238 1.6287 4.1490 3.1441 1.6924 8.1921 -1.5915 13.5563
Car -1 -1 1.6903 469.0250 170.5353 528.6513 217.7854 1.5506 1.6236 4.0892 -3.9254 1.4749 25.7454 1.5390 13.1233
Car -1 -1 -1.7762 678.2003 176.3225 756.7622 235.7758 1.5029 1.5179 3.2226 2.8600 1.6078 20.0862 -1.6348 11.4168
Car -1 -1 -1.8247 725.5625 182.4200 853.8753 279.4513 1.5488 1.5351 3.1621 3.1548 1.7485 13.4283 -1.5940 10.9315
Car -1 -1 1.8878 234.4612 179.0298 447.9720 326.1613 1.5512 1.5704 3.5254 -3.3427 1.6484 9.5319 1.5506 10.7024
Car -1 -1 -1.7374 651.9930 173.7993 716.7250 222.1127 1.5271 1.6044 3.6754 2.4282 1.5624 24.7669 -1.6397 8.3096
Car -1 -1 -1.7001 638.4708 173.2668 689.9192 210.6754 1.4770 1.6464 4.1015 2.1882 1.4961 30.6270 -1.6288 7.2810
Car -1 -1 1.6752 488.9018 171.4235 534.2926 207.5387 1.4795 1.5886 3.6193 -4.2641 1.4212 31.3881 1.5401 4.5311
Car -1 -1 -1.7841 608.1756 169.7376 635.4454 186.7457 1.4579 1.6138 3.9392 0.9922 1.1911 63.9337 -1.7685 2.1691
Car -1 -1 1.6637 510.1438 171.0190 544.9713 198.0104 1.4889 1.6305 4.1723 -4.7715 1.3881 41.9020 1.5503 2.0079
Car -1 -1 -1.5764 633.1826 168.9702 661.7563 196.5915 1.5604 1.6135 3.8132 2.1691 1.3413 42.6998 -1.5256 0.7514
