Car -1 -1 1.7657 453.0975 181.8145 491.7145 208.5892 1.5251 1.6043 3.9266 -8.4443 2.1011 44.3817 1.5777 4.9198
Car -1 -1 -1.5441 596.2014 176.4696 623.9916 204.4234 1.6795 1.6637 3.8617 0.0110 1.9192 45.8067 -1.5438 3.9997
Car -1 -1 1.8189 397.1885 184.2863 440.2144 211.7130 1.5461 1.6453 3.8973 -11.7102 2.2789 44.2620 1.5603 3.9042
Car -1 -1 2.0732 202.5015 188.1454 248.2996 207.6385 1.4721 1.6137 4.0044 -31.7612 2.7795 59.6583 1.5840 2.2048
Car -1 -1 1.8073 435.3661 182.1277 489.1376 218.1825 1.5075 1.5971 3.6463 -6.7243 1.9554 32.9683 1.6061 2.0400
Car -1 -1 1.6857 502.6902 180.6119 524.6055 197.5144 1.4987 1.6023 3.9272 -9.0384 2.2490 67.7686 1.5531 1.1047
Car -1 -1 1.7174 483.9395 182.3397 517.5982 207.7520 1.4337 1.5397 3.3682 -6.6025 2.0302 43.6516 1.5673 0.8099
Car -1 -1 1.8365 358.5505 182.9379 440.9350 234.9053 1.4925 1.6096 3.8301 -6.7538 1.8468 23.3953 1.5555 0.7223
Car -1 -1 2.0847 186.2750 189.3113 228.5944 207.9610 1.4613 1.5385 3.7017 -34.3719 2.9104 61.6610 1.5762 0.6012
Car -1 -1 2.1329 115.1886 188.0527 224.2352 234.1238 1.4603 1.5987 3.7484 -15.7707 2.0482 26.0004 1.5877 0.2474
