Car -1 -1 -1.8631 723.8161 182.6433 921.2344 314.3075 1.4949 1.6028 3.8689 2.7620 1.6636 10.4415 -1.6045 12.6981
Car -1 -1 -1.7478 674.1351 173.0212 757.4169 240.2386 1.6559 1.6186 3.4952 2.7209 1.6612 19.5591 -1.6096 10.5264
Car -1 -1 3.8750 0.0000 194.4664 207.5134 360.8821 1.4316 1.6318 4.0779 -6.5933 1.6738 7.2447 3.1367 10.2390
Car -1 -1 -2.1089 831.6202 175.1473 1241.0000 374.0000 1.6302 1.6516 3.9602 2.7096 1.6509 4.4070 -1.5576 9.9681
Car -1 -1 0.3812 266.1520 174.8713 460.8513 240.3985 1.5648 1.6634 4.3514 -6.1829 1.6188 18.2344 0.0543 9.7241
Car -1 -1 -1.6699 649.6065 175.2029 689.9144 207.9638 1.4230 1.5180 3.3510 2.6698 1.5371 33.2690 -1.5899 8.8798
Car -1 -1 0.2741 393.7522 175.3004 507.4454 214.3829 1.4991 1.5798 4.1429 -6.3290 1.5998 28.6934 0.0570 8.0395
Car -1 -1 0.2015 421.4106 174.8317 524.6858 210.4411 1.4781 1.6044 4.1041 -5.8458 1.5654 30.8717 0.0144 7.6556
Car -1 -1 0.3750 317.3074 175.6207 474.3366 233.1186 1.5772 1.6246 4.0411 -6.1737 1.6613 20.8691 0.0874 3.7002
Car -1 -1 -0.1419 663.7191 164.1078 721.2123 184.3239 1.4865 1.6210 4.0787 6.1061 0.8437 53.9204 -0.0291 1.2319
Car -1 -1 0.0170 522.3812 169.3992 566.2263 186.9246 1.4739 1.6102 3.6812 -5.6156 1.1837 61.6198 -0.0739 0.2354
Car -1 -1 -2.4276 1058.8831 185.6619 1125.7134 207.5589 1.4698 1.6157 4.0039 35.3765 2.4505 53.0819 -1.8397 0.1389
Car -1 -1 0.9792 1071.1526 181.5856 1121.2691 200.6440 1.4659 1.5346 3.8181 39.7736 2.2053 59.1549 1.5711 -0.3171
Car -1 -1 1.6475 411.4231 155.8580 435.1930 173.8984 1.4797 1.6585 3.9440 -15.8410 0.0860 61.2667 1.3945 -0.3569
