Car -1 -1 1.8134 349.8486 188.6104 462.6606 268.0770 1.4887 1.5646 3.7263 -4.4626 1.8829 16.1453 1.5437 14.6303
Car -1 -1 -1.8636 740.9211 177.6461 970.9772 334.7220 1.5702 1.6254 3.9148 2.8003 1.6452 9.2868 -1.5707 13.2455
Car -1 -1 -1.7723 703.1735 175.9497 812.1808 257.3618 1.5299 1.5689 3.5870 2.9868 1.6045 15.4954 -1.5819 11.7196
Car -1 -1 1.7569 421.3813 178.1556 500.8290 242.3744 1.7286 1.6556 3.7835 -4.4075 1.9020 21.6377 1.5560 10.7723
Car -1 -1 -1.7011 672.7204 174.2280 735.9097 223.3754 1.5093 1.6056 3.7171 3.0272 1.5591 24.1222 -1.5762 10.6873
Car -1 -1 0.7135 0.0000 193.3928 184.9677 299.1832 1.5038 1.6108 4.2226 -9.3729 1.8548 11.4525 0.0277 9.9159
Car -1 -1 1.7203 466.1285 177.7866 527.3972 225.0444 1.6171 1.6753 4.1857 -4.2267 1.8179 27.2214 1.5662 7.4516
Car -1 -1 -1.6932 666.0457 172.3214 717.5365 214.5121 1.6467 1.6616 3.8462 3.3019 1.6263 30.0930 -1.5839 4.4908
Car -1 -1 -1.6293 627.3628 174.6608 649.3814 193.9513 1.5354 1.5924 3.8715 2.2968 1.6903 59.7458 -1.5909 0.1776
Car -1 -1 -1.6993 530.8105 178.3145 554.8685 196.3169 1.4702 1.5875 3.7830 -5.8365 1.9563 62.1670 -1.7929 -0.3560
