Car -1 -1 1.9230 240.5961 195.5750 395.5123 282.7909 1.4488 1.6183 4.3299 -6.0089 1.9998 15.3023 1.5488 14.0041
Car -1 -1 1.8545 378.1910 188.5836 468.1689 243.8644 1.5009 1.6458 4.2135 -5.8554 2.0479 22.9353 1.6046 13.7117
Car -1 -1 2.1343 0.0000 203.9129 276.6878 358.9092 1.4742 1.5471 3.5445 -5.9585 1.9534 9.3466 1.5668 12.8264
Car -1 -1 -1.7820 701.4491 178.9523 806.1075 249.0463 1.4318 1.5972 3.9500 3.2125 1.5934 17.0779 -1.5960 11.7749
Car -1 -1 -1.7173 679.8557 174.5136 751.5778 231.1736 1.6142 1.6462 3.9263 3.1738 1.6711 22.6373 -1.5780 11.2618
Car -1 -1 -3.8089 1050.7407 132.9135 1241.0000 240.2108 1.5275 1.5857 3.7930 9.1172 0.9592 11.1001 -3.1213 9.8884
Car -1 -1 -3.5636 840.4885 158.5180 1018.4572 217.3261 1.4660 1.5537 3.9472 8.1763 1.1090 18.7831 -3.1530 8.9007
Car -1 -1 -3.6305 914.0637 148.8566 1125.6385 223.6103 1.5774 1.5770 3.7994 8.9464 1.0714 16.0486 -3.1219 8.7298
Car -1 -1 1.7844 433.2110 188.4441 491.6088 228.8673 1.4324 1.5537 3.5925 -5.8543 2.0934 28.7645 1.5837 7.5177
Car -1 -1 -0.6171 993.9163 142.2251 1241.0000 229.3641 1.5504 1.6328 3.9426 9.6223 1.0058 13.6577 -0.0034 6.9965
Car -1 -1 -1.6834 641.9999 177.4254 673.0107 202.7533 1.5570 1.5855 3.8587 3.0248 1.8678 47.0288 -1.6192 4.6026
Car -1 -1 1.6941 520.4535 181.0074 548.7965 202.5847 1.4816 1.6000 3.9499 -5.5298 2.1038 53.0373 1.5903 4.2096
Car -1 -1 1.7794 457.4317 174.5713 487.9298 194.2286 1.4765 1.5680 3.9322 -10.7417 1.6161 56.5223 1.5916 0.1141
Car -1 -1 1.5857 417.2014 168.5664 445.6708 195.0690 1.6640 1.7431 4.6719 -11.8153 1.3952 47.7733 1.3433 -0.3062
Car -1 -1 -1.5803 634.1404 157.3586 652.7612 175.9364 1.5775 1.5802 3.8147 2.8878 0.2621 63.1996 -1.5347 -0.7327
