Car -1 -1 -1.1691 229.2305 181.7595 360.1720 251.0737 1.5688 1.6233 3.9298 -7.8089 1.4918 18.2340 -1.5738 13.9913
Car -1 -1 -1.3205 380.0161 181.0031 439.4283 218.7286 1.5035 1.5844 3.5991 -8.3530 1.3367 30.4584 -1.5882 13.6764
Car -1 -1 -1.4146 441.7382 179.6644 527.5928 244.3072 1.6168 1.7005 4.3839 -3.3681 1.4791 20.1757 -1.5800 12.2441
Car -1 -1 -1.5673 558.9754 180.0795 608.9016 230.0757 1.6096 1.6082 3.5450 -0.8637 1.4454 24.9359 -1.6019 12.0419
Car -1 -1 -1.0352 0.0000 193.4207 361.6965 375.0000 1.5671 1.6411 3.9449 -3.1981 1.6480 4.9852 -1.6056 10.6294
Car -1 -1 1.9202 339.5681 179.2796 395.1198 209.1944 1.5188 1.6050 3.8213 -12.8087 1.2185 38.4243 1.5984 6.6542
Car -1 -1 -1.4896 496.9368 183.1242 537.9375 217.1968 1.4963 1.6013 3.6631 -4.1812 1.4056 33.4297 -1.6141 4.7752
Car -1 -1 0.1905 441.2798 176.7396 517.8501 202.4855 1.4820 1.6333 4.1956 -7.5152 0.9953 42.2232 0.0144 2.5958
Car -1 -1 -1.2426 377.1695 169.4403 413.8417 188.7922 1.5134 1.5984 4.1635 -17.1853 0.2808 58.3285 -1.5291 0.8280
Car -1 -1 -1.0631 193.8600 179.0684 295.8405 224.3343 1.4630 1.5781 3.6968 -12.5906 1.2655 25.1111 -1.5278 0.8195
Car -1 -1 2.0490 171.6858 167.0579 210.1890 183.4489 1.5004 1.5846 3.8087 -39.4759 -0.1712 68.1556 1.5240 0.4977
Car -1 -1 -1.3157 405.5456 179.9396 454.5276 211.5916 1.5449 1.5750 3.6391 -9.0958 1.2885 36.9118 -1.5573 0.0759
Car -1 -1 1.6794 521.3608 176.3886 552.9122 204.5696 1.7296 1.6118 3.7750 -4.5033 1.1890 46.0129 1.5819 -0.1792
