Car -1 -1 -1.2053 232.3581 187.3038 417.7259 298.7922 1.4930 1.5610 3.5185 -4.3296 1.5325 11.4512 -1.5667 14.3953
Car -1 -1 -1.3579 400.7301 179.6401 483.2921 234.1034 1.4671 1.5840 3.9403 -4.8506 1.3181 21.3393 -1.5814 12.5888
Car -1 -1 -1.4201 470.0575 180.2847 518.9875 216.7746 1.4655 1.5600 3.4284 -4.7959 1.2686 30.5855 -1.5756 10.5791
Car -1 -1 -0.8539 0.0000 196.8576 112.1150 360.3845 1.4505 1.6087 4.0932 -8.2392 1.6269 8.7444 -1.6096 10.4769
Car -1 -1 -0.9522 0.0000 155.4348 183.1853 257.1636 2.0431 1.8539 4.8537 -12.3474 1.4461 16.8722 -1.5839 8.4223
Car -1 -1 -1.5701 576.4077 177.0178 609.8972 208.4471 1.5476 1.6495 3.7785 -0.7900 1.1451 37.2994 -1.5913 8.3096
Car -1 -1 -1.1967 231.2843 178.0637 352.6366 242.3647 1.5958 1.6784 4.1119 -8.6213 1.4195 19.9206 -1.6052 7.7232
Car -1 -1 -1.2952 351.7439 179.7998 419.0211 218.6475 1.4291 1.5729 3.7390 -8.7137 1.2310 28.3280 -1.5936 5.7223
Car -1 -1 -1.4121 457.5277 170.6761 490.1505 194.0811 1.5607 1.6452 3.8052 -9.2655 0.5923 49.8551 -1.5959 5.7081
Car -1 -1 3.2736 477.1006 165.1938 521.5046 182.0080 1.4698 1.5661 3.7344 -9.6352 -0.2879 63.9627 3.1241 3.0688
