Car -1 -1 2.0125 162.6847 197.4995 362.6485 301.4261 1.4321 1.6038 4.0846 -6.0095 1.9451 12.9594 1.5783 14.6427
Car -1 -1 -1.8681 735.3523 179.1534 926.6492 301.3599 1.4951 1.6441 3.8439 3.0551 1.6082 10.9676 -1.5965 13.0386
Car -1 -1 1.8520 356.1446 179.0365 452.3247 242.8104 1.6678 1.6744 3.9847 -5.9758 1.8674 21.2520 1.5779 11.5285
Car -1 -1 2.2885 0.0000 206.4353 199.4111 374.0000 1.4966 1.5303 3.4131 -6.0692 1.9241 7.4429 1.6044 7.2139
Car -1 -1 1.8116 419.0659 183.8074 485.6287 226.9429 1.4886 1.6222 3.9201 -6.0467 1.9423 27.8845 1.5980 6.3304
Car -1 -1 1.6471 551.2550 178.2471 579.0634 201.1957 1.5278 1.6578 4.1137 -3.1635 1.9254 51.0744 1.5852 5.3248
Car -1 -1 1.7051 516.3792 180.1746 546.6301 202.2692 1.5344 1.6930 4.1656 -5.8158 2.1000 53.6042 1.5971 3.3881
Car -1 -1 -1.5770 641.1760 174.4743 661.0699 193.6493 1.5344 1.5992 3.6660 3.3780 1.6736 59.9236 -1.5206 2.6665
Car -1 -1 -3.3073 888.5746 152.0578 1012.7169 190.9132 1.4930 1.6766 4.3055 13.5812 0.6943 29.1055 -2.8707 2.0295
Car -1 -1 1.7401 475.7006 182.0102 516.9055 211.5622 1.4510 1.5804 3.6040 -6.0303 1.9612 38.3600 1.5842 1.3451
Car -1 -1 -1.3166 363.5489 163.5214 401.4287 185.7631 1.5995 1.6882 4.2694 -17.0164 0.9287 54.0597 -1.6216 0.5082
