Car -1 -1 -1.7727 511.1652 177.9327 566.0184 219.3356 1.6374 1.6213 3.7335 -3.1728 1.8706 31.0522 -1.8745 10.8561
Car -1 -1 3.7231 0.0000 178.1817 210.0134 298.1302 1.5463 1.6356 4.0314 -8.2994 1.6307 10.3883 3.0490 10.2400
Car -1 -1 3.6360 19.9952 178.6305 275.7386 265.2372 1.5174 1.5802 3.7919 -8.6529 1.6346 13.6814 3.0720 10.0749
Car -1 -1 0.3286 97.2666 160.4154 314.2138 248.9039 1.9077 1.7201 4.0572 -9.2579 1.6399 16.7551 -0.1762 8.0478
Car -1 -1 3.8607 0.0000 148.4420 99.2695 350.2242 1.8272 1.6991 3.7541 -7.9089 1.6065 7.5455 3.0517 7.7731
Car -1 -1 1.6168 547.9605 158.7105 566.5762 174.5574 1.4668 1.5960 3.8277 -5.0151 0.1580 68.7163 1.5439 1.1358
Car -1 -1 -1.5397 110.4019 166.0069 151.5970 198.1794 1.4573 1.5369 3.5504 -22.9512 1.1475 34.5936 -2.1255 1.1252
Car -1 -1 -1.4309 452.6212 177.5262 475.5849 195.9844 1.6467 1.5980 3.7050 -13.5819 2.0946 67.2232 -1.6303 0.0174
Car -1 -1 -2.3505 173.3327 158.8370 223.1194 176.8413 1.4598 1.5372 3.5354 -34.0941 0.3236 59.7142 -2.8693 -0.4109
Car -1 -1 -0.8751 496.1609 185.0736 538.1404 203.6519 1.4720 1.5575 3.6956 -7.9346 2.5515 61.7428 -1.0029 -0.6590
