Car -1 -1 1.8120 422.7619 183.0148 507.3433 243.4478 1.5824 1.5981 3.8111 -4.2534 1.9126 21.4827 1.6165 13.0404
Car -1 -1 -1.8464 777.4086 182.1004 958.3650 306.9954 1.5889 1.6258 3.9042 3.7939 1.7616 11.4569 -1.5266 12.5134
Car -1 -1 -2.1150 891.7277 202.6720 1241.0000 374.0000 1.4527 1.5513 3.7979 3.6154 1.7649 5.6247 -1.5438 12.4617
Car -1 -1 1.7465 472.5586 180.9956 535.4848 229.7206 1.6225 1.6291 3.9969 -3.8830 1.9473 26.7230 1.6022 9.1050
Car -1 -1 -1.6594 692.8771 175.7974 732.4973 209.2670 1.7287 1.7601 4.6276 5.5979 1.9020 40.0341 -1.5205 7.7546
Car -1 -1 1.7132 522.2174 181.7625 567.3371 215.0575 1.5183 1.6755 4.1893 -3.2445 1.9918 36.1806 1.6238 6.8934
Car -1 -1 1.7585 500.5185 183.9038 554.1215 222.2375 1.5188 1.6339 3.9729 -3.6137 2.0375 31.8033 1.6453 5.1462
Car -1 -1 1.4154 388.7535 167.5467 433.4714 200.2352 1.5588 1.6104 3.7298 -10.1238 1.3060 36.4352 1.1443 4.0583
Car -1 -1 1.6120 590.5891 180.0386 611.1237 198.1394 1.4904 1.6330 3.9670 -0.7920 2.1381 63.0058 1.5994 3.2172
Car -1 -1 1.9777 354.0753 159.5999 387.8254 176.5713 1.4501 1.5497 3.5283 -21.0108 0.3180 63.4710 1.6581 2.8767
Car -1 -1 1.8537 366.7737 171.8187 413.0419 198.0663 1.4622 1.5913 3.7759 -12.8131 1.4049 42.0906 1.5582 1.6802
Car -1 -1 -1.7702 763.7269 176.3575 795.2746 196.8601 1.4667 1.5789 3.8012 12.6632 1.7396 54.1953 -1.5407 0.1429
Car -1 -1 2.0381 260.5878 190.7483 309.2236 213.7980 1.4817 1.5493 3.9586 -23.1744 2.8096 51.5145 1.6154 -0.6884
Car -1 -1 -3.6893 1151.6975 151.9853 1241.0000 253.4614 1.4642 1.5666 3.7320 11.1732 1.1634 11.5797 -2.9217 -0.7061
