Car -1 -1 3.6418 111.7175 187.9235 375.9128 279.5788 1.4442 1.5674 3.7980 -6.2649 1.7234 12.4970 3.1771 12.0631
Car -1 -1 -2.1622 808.3995 176.6004 1241.0000 374.0000 1.5456 1.6445 4.1998 2.6151 1.5795 4.3119 -1.6170 10.9014
Car -1 -1 3.8016 0.0000 194.8201 233.4915 355.2914 1.4534 1.6448 4.0966 -6.5589 1.7160 7.6977 3.0959 10.2507
Car -1 -1 -1.6898 653.2176 177.6735 693.7459 207.4721 1.4560 1.6432 4.0587 3.2484 1.7238 37.9744 -1.6044 9.5033
Car -1 -1 0.2896 349.2395 179.7477 499.2733 229.7899 1.4858 1.6131 4.2595 -5.7777 1.7102 22.5543 0.0388 8.6296
Car -1 -1 0.3214 378.4084 178.9181 515.7869 224.8631 1.5058 1.6531 4.3361 -5.6221 1.7247 24.9573 0.0998 7.0047
Car -1 -1 3.5556 162.0702 183.0569 385.5272 260.7352 1.4914 1.5891 3.8719 -6.8650 1.7142 14.8972 3.1238 6.6703
Car -1 -1 0.2679 392.3053 174.7371 506.6026 217.0403 1.5773 1.6206 4.0282 -6.1928 1.6528 27.8895 0.0494 5.7833
Car -1 -1 0.1641 451.8677 166.1106 547.5382 206.1333 1.8836 1.7369 4.3435 -5.3107 1.5666 34.8511 0.0128 4.5811
Car -1 -1 0.3826 313.7423 181.1198 474.0267 238.8798 1.5096 1.6099 3.9692 -6.0066 1.7518 20.1217 0.0925 3.9898
Car -1 -1 -1.5934 642.2052 165.3254 669.1740 192.7173 1.9541 1.8892 5.4279 3.3554 1.4174 54.2202 -1.5316 3.5813
Car -1 -1 -1.6757 680.9330 173.5805 701.6469 189.3682 1.4411 1.5673 3.5466 7.5951 1.5115 67.8026 -1.5641 3.1765
Car -1 -1 1.7194 456.7658 147.6907 488.2676 170.1967 1.4814 1.6055 3.7216 -9.4831 -0.1901 49.8283 1.5313 2.5963
Car -1 -1 -1.4464 529.6556 175.2630 561.3731 202.1607 1.6808 1.6333 3.6277 -4.2155 1.8451 47.2572 -1.5354 2.5075
Car -1 -1 -2.8301 368.5860 165.2582 446.0522 189.7752 1.5004 1.6364 4.3666 -12.6494 1.0359 45.0539 -3.1038 2.2046
Car -1 -1 -0.0050 533.5916 174.1052 573.5585 190.5580 1.4979 1.5408 3.6438 -5.2392 1.6156 66.7453 -0.0834 1.4390
Car -1 -1 -1.4306 528.8639 167.4891 560.5515 190.9286 1.6509 1.7085 4.5272 -4.7857 1.2734 53.1191 -1.5204 -0.8103
