Car -1 -1 -1.9450 135.1378 197.7238 271.9237 270.2835 1.4501 1.5983 3.7873 -9.9460 2.1151 17.4699 -2.4625 13.0505
Car -1 -1 1.3991 605.5066 179.7908 686.2194 235.9509 1.4435 1.6388 4.3209 0.9004 1.6708 21.3471 1.4412 9.9916
Car -1 -1 -2.1757 287.5138 168.9967 531.0503 301.1746 1.9681 1.8095 4.7083 -3.7801 1.9110 12.9261 -2.4603 9.7949
Car -1 -1 3.4225 197.3320 184.4609 296.3624 219.8377 1.4994 1.5702 3.6844 -16.2806 2.0391 32.4164 2.9570 6.8669
Car -1 -1 1.5434 531.9672 180.4960 587.4547 233.3884 1.4353 1.5532 3.8486 -1.6502 1.6913 22.1460 1.4691 6.2072
Car -1 -1 -1.7709 0.0000 195.4391 57.7682 242.3174 1.5045 1.6266 3.9377 -22.1567 2.4033 26.8277 -2.4612 5.1938
Car -1 -1 -0.9575 107.7401 153.7656 157.0514 172.2130 1.4458 1.5709 3.5596 -38.6716 -0.0532 58.4744 -1.5418 1.5033
Car -1 -1 -0.7919 427.3302 152.9465 480.1138 173.6439 1.4617 1.5928 3.7798 -11.4597 0.0561 52.9773 -1.0049 -0.4024
Car -1 -1 0.2689 134.8118 186.3085 236.0253 218.6189 1.5085 1.6413 4.0766 -21.1923 2.2068 36.1048 -0.2619 -0.4133
Car -1 -1 -2.7006 692.1166 145.2838 765.8913 172.4317 1.4689 1.5717 3.8114 6.6760 -0.0245 40.8208 -2.5384 -0.5045
Car -1 -1 -1.6235 0.0000 155.1159 37.0601 188.2555 1.4899 1.5671 3.9102 -28.5426 0.6928 34.4036 -2.3160 -0.6006
Car -1 -1 1.5103 659.4164 150.8163 689.3592 175.9683 1.4884 1.6027 3.9530 3.9146 0.1847 44.6938 1.5977 -0.7022
