Car -1 -1 2.0215 43.0437 210.8677 351.0652 374.0000 1.4236 1.5607 3.7661 -4.4790 1.9695 8.4405 1.5336 15.0106
Car -1 -1 -1.9354 777.1653 182.5917 1068.5382 374.0000 1.5622 1.5815 3.5672 2.9499 1.6914 7.7580 -1.5720 13.9619
Car -1 -1 -1.7409 697.2786 186.9382 797.4552 264.7568 1.4908 1.5881 3.7091 2.9349 1.8467 16.3535 -1.5633 13.8931
Car -1 -1 1.7743 401.4750 189.3255 493.5914 259.9965 1.6031 1.6158 4.0276 -4.2727 2.0911 19.3336 1.5568 12.1993
Car -1 -1 1.8474 301.2397 190.9756 441.9354 297.9241 1.6778 1.5862 3.7001 -4.4385 2.0726 13.8281 1.5368 12.1188
Car -1 -1 -1.7468 677.0793 185.7117 753.4430 244.1828 1.5808 1.6480 3.9989 3.1218 2.0170 22.4260 -1.6085 8.6651
Car -1 -1 1.6026 521.5793 188.1177 545.4459 212.1176 1.6578 1.6694 4.0950 -5.7816 2.8581 54.6161 1.4971 3.0416
Car -1 -1 -1.6428 587.8141 189.7205 606.8633 205.8791 1.4433 1.5898 3.7389 -1.2762 3.1350 70.4163 -1.6609 2.7199
Car -1 -1 1.4992 611.1841 182.2451 634.5628 203.3830 1.6123 1.6213 3.9671 0.9949 2.4051 58.8578 1.5161 0.3296
Car -1 -1 -0.1339 643.5624 190.2867 717.2550 217.5285 1.5352 1.6555 4.1569 4.0976 2.5898 42.7262 -0.0383 0.0833
