Car -1 -1 1.8292 417.5531 187.0145 514.7035 248.8608 1.4050 1.5819 3.9725 -3.7777 1.8251 19.3536 1.6364 13.1670
Car -1 -1 -1.6202 608.4161 178.7246 650.1905 217.3684 1.4873 1.5597 3.3483 0.7126 1.7453 29.9748 -1.5965 9.8803
Car -1 -1 1.6605 479.3826 181.2217 534.9916 227.9439 1.5213 1.6461 4.0914 -3.7146 1.8512 26.3228 1.5203 8.2806
Car -1 -1 1.6614 522.0238 180.8760 558.9855 210.9878 1.4650 1.5958 3.9338 -3.6581 1.9111 38.1225 1.5657 4.6293
Car -1 -1 -2.9234 432.1082 168.2773 504.4088 194.0816 1.4567 1.5658 3.8395 -8.1621 1.1987 41.5590 -3.1173 3.6758
Car -1 -1 -1.6834 683.2979 175.3929 731.8295 215.6051 1.6169 1.6423 3.8556 4.1126 1.7338 31.1968 -1.5523 1.4991
Car -1 -1 1.6886 545.7226 174.7548 573.6745 196.4351 1.5347 1.6149 3.9392 -3.7150 1.6811 53.4321 1.6192 1.1502
Car -1 -1 0.2351 480.5740 156.5314 535.8678 177.1521 1.7046 1.7067 4.3284 -8.5605 0.3557 60.6980 0.0949 1.0717
Car -1 -1 1.8180 569.4736 176.4546 596.7630 193.0876 1.4771 1.5985 4.0431 -2.4863 1.8232 67.1451 1.7810 0.3463
Car -1 -1 -1.6375 673.1775 174.4513 707.2932 204.3949 1.6039 1.6522 3.9269 4.4614 1.6992 40.8561 -1.5287 -0.4435
