Car -1 -1 1.3190 760.9266 186.5845 909.2086 281.8816 1.4630 1.6397 4.2573 4.0481 1.7680 13.8493 1.6034 12.6933
Car -1 -1 -2.0235 835.9786 180.3672 1212.0882 374.0000 1.6659 1.6612 3.7826 3.6393 1.7621 7.2988 -1.5609 11.7055
Car -1 -1 -1.7242 719.2503 183.9530 800.9334 244.6409 1.4402 1.5852 3.9600 3.9720 1.7772 19.8690 -1.5269 11.1220
Car -1 -1 1.6094 556.4878 174.1398 589.8422 205.6388 1.5583 1.5977 3.9311 -1.9224 1.6296 37.8290 1.5586 9.6812
Car -1 -1 2.1052 0.0000 202.3126 370.9330 374.0000 1.4749 1.4901 3.2436 -2.9343 1.7400 4.8534 1.5614 9.5385
Car -1 -1 1.7126 439.9198 161.4258 550.7542 260.4581 1.8923 1.7753 4.6432 -2.4322 1.6743 16.1129 1.5628 7.6242
Car -1 -1 -1.7409 707.6630 182.1071 769.0318 229.4980 1.4930 1.5405 3.3307 4.3403 1.8360 25.0460 -1.5693 6.1401
Car -1 -1 -1.7098 679.7711 174.2596 721.9428 208.5640 1.6368 1.6064 3.6915 4.4971 1.7117 36.4351 -1.5870 6.0718
Car -1 -1 1.7223 491.0382 178.2713 563.7143 236.8808 1.5689 1.6037 3.7733 -2.4252 1.7458 21.5836 1.6104 5.7576
Car -1 -1 -1.7224 693.5080 178.1423 742.9629 217.0565 1.5853 1.6082 3.6178 4.6530 1.8313 31.6981 -1.5766 2.8234
Car -1 -1 1.6089 602.7834 180.0339 627.9383 202.3979 1.4917 1.6432 4.2180 0.3915 2.0274 51.6464 1.6164 2.6106
Car -1 -1 -1.0246 807.7401 155.9195 870.5706 183.2654 1.4440 1.5609 3.8164 12.6796 0.5501 39.9417 -0.7172 2.3225
Car -1 -1 1.4882 673.8500 177.9338 706.6309 204.5480 1.4629 1.5954 3.7659 4.6256 1.7743 42.2866 1.5971 -0.5135
Car -1 -1 -2.9804 597.7659 179.9184 644.7694 197.8937 1.4683 1.5537 3.7666 0.9424 2.0756 60.8938 -2.9649 -0.5882
