Car -1 -1 -0.3562 686.8067 169.7068 891.4361 241.4000 1.4448 1.6069 3.9755 3.7377 1.3817 15.5750 -0.1207 12.5933
Car -1 -1 0.3690 115.8583 174.3340 329.9478 247.7487 1.5382 1.5775 3.9250 -8.5765 1.5738 16.1713 -0.1186 11.9962
Car -1 -1 3.8037 0.0000 202.3624 162.3075 356.4940 1.4101 1.6035 3.7561 -7.3739 1.7742 7.9289 3.0546 9.8849
Car -1 -1 3.3446 292.9383 173.0322 420.5014 215.1788 1.4917 1.6222 4.2012 -9.2952 1.4989 26.6256 3.0087 9.8026
Car -1 -1 3.6887 0.0000 179.1577 224.7465 304.5306 1.5874 1.6020 3.7263 -7.8125 1.6858 10.2251 3.0363 9.7645
Car -1 -1 -0.2245 636.7010 167.0114 753.6391 210.6284 1.5288 1.6423 3.9678 3.0152 1.3244 26.3221 -0.1105 9.2158
Car -1 -1 3.4735 192.0283 179.2135 364.7285 238.9985 1.4497 1.5510 3.7563 -8.5067 1.6229 18.6484 3.0455 7.7891
Car -1 -1 0.4178 224.9504 173.2338 388.9534 226.4980 1.5228 1.6372 4.2052 -8.9910 1.5349 21.5021 0.0217 7.2862
Car -1 -1 -2.2528 0.0000 240.2397 99.1937 374.0000 1.4756 1.6111 4.3499 -6.8066 2.0833 5.6683 -3.1292 3.2581
Car -1 -1 -1.2529 873.0324 162.4505 918.9592 186.1466 1.4705 1.6137 3.9612 18.5558 0.8252 46.8100 -0.8755 1.7805
Car -1 -1 1.5431 335.4876 155.3760 361.7378 178.5279 1.5061 1.5659 3.7863 -17.8030 0.3695 48.9844 1.1945 1.5848
Car -1 -1 -0.3022 619.2205 166.6933 724.7755 205.9677 1.4963 1.6115 3.8773 2.3967 1.2619 28.6935 -0.2189 0.9415
Car -1 -1 -1.8770 443.2009 168.0782 473.0900 185.0758 1.4621 1.5703 3.6320 -13.5220 1.0517 64.0309 -2.0851 0.3897
Car -1 -1 -1.9259 1026.5251 155.0247 1076.3762 178.5038 1.5585 1.6382 4.0437 30.5094 0.3754 50.0327 -1.3783 -0.2971
