Car -1 -1 -1.7024 654.3918 177.6166 716.4071 223.4810 1.5049 1.6829 4.2172 2.6103 1.6927 26.2510 -1.6033 12.5652
Car -1 -1 0.5679 0.0000 170.6025 327.9853 293.3947 1.6236 1.6668 4.2929 -6.5820 1.5942 10.3768 0.0026 11.3979
Car -1 -1 3.8423 0.0000 179.9479 177.0028 342.3334 1.5074 1.6065 3.6634 -6.9671 1.5915 7.6444 3.1032 9.7687
Car -1 -1 3.6036 109.1306 180.7205 383.7779 276.7084 1.5568 1.6208 3.9997 -6.2717 1.7039 12.6462 3.1432 9.3511
Car -1 -1 0.1636 390.7726 179.4832 511.2547 219.0229 1.4436 1.6487 4.2880 -6.0445 1.7060 27.5883 -0.0521 9.2948
Car -1 -1 0.3256 262.2528 177.5561 464.7453 244.9152 1.6156 1.7115 4.5469 -6.1741 1.7407 18.2788 -0.0002 9.1274
Car -1 -1 0.1340 479.9314 176.2650 547.8566 201.9736 1.5633 1.6311 4.0100 -5.9764 1.7799 44.9099 0.0017 4.1865
Car -1 -1 3.2166 460.8498 177.2256 537.0446 204.6057 1.4744 1.6265 4.0791 -6.1612 1.7238 40.1306 3.0642 1.9855
Car -1 -1 -1.6743 682.9618 166.0138 714.5561 190.2049 1.4989 1.5965 4.2431 5.6843 1.0754 46.8396 -1.5536 0.1727
Car -1 -1 1.8583 355.2834 157.8161 398.1585 181.7726 1.5248 1.6276 4.0631 -15.4808 0.5680 47.9736 1.5462 -0.5992
Car -1 -1 -0.1585 655.5263 175.2658 709.6299 194.9603 1.4729 1.5772 3.9082 5.4896 1.6604 55.0834 -0.0592 -0.6381
Car -1 -1 -1.0444 180.9181 171.3085 249.3744 199.0047 1.4675 1.6120 3.8826 -21.9395 1.3860 40.1904 -1.5440 -0.6971
