Car -1 -1 2.1484 0.0000 204.0913 293.2467 350.9868 1.3882 1.5971 4.1054 -6.0757 1.9010 9.7650 1.5918 14.6590
Car -1 -1 -1.9714 773.2991 177.7180 1104.6053 374.0000 1.5402 1.6421 3.9289 2.9979 1.6057 7.6713 -1.5989 13.7992
Car -1 -1 1.8864 304.1440 183.8912 421.1570 255.4309 1.5275 1.6062 3.9173 -6.0526 1.8329 17.9756 1.5616 12.3507
Car -1 -1 1.6375 540.2941 179.2443 571.3993 204.3970 1.4679 1.6685 4.2958 -3.3899 1.8890 45.3541 1.5629 8.4224
Car -1 -1 1.8271 386.9684 180.1128 465.7449 232.1139 1.5917 1.6418 4.0013 -6.2111 1.8603 24.6522 1.5803 8.2156
Car -1 -1 1.6891 509.2369 179.3530 539.2422 202.4322 1.5105 1.6301 3.8831 -5.9626 1.9811 50.2571 1.5710 5.5377
Car -1 -1 1.7668 457.9229 182.2384 505.0777 214.3503 1.4413 1.5877 3.6746 -6.2692 1.9251 35.3184 1.5911 4.9919
Car -1 -1 -1.5471 636.8707 175.6644 658.7040 196.7445 1.5834 1.6253 3.7803 2.9698 1.8120 56.6600 -1.4948 3.5360
Car -1 -1 -1.2598 344.7185 168.3651 387.5772 190.4855 1.4835 1.6212 4.2490 -17.0417 1.1828 50.5241 -1.5851 3.4085
Car -1 -1 -0.0902 958.4702 153.1899 1097.3765 199.0887 1.5041 1.6399 4.0638 14.4194 0.8601 25.2332 0.4290 3.2846
Car -1 -1 -2.5001 1053.3543 224.3483 1241.0000 374.0000 1.4536 1.5528 3.7168 3.4065 1.7670 2.5219 -1.5665 1.2036
Car -1 -1 1.0834 1068.8493 169.1738 1144.8016 199.2841 1.4709 1.5716 3.9171 25.5265 1.2915 37.2787 1.6838 0.7109
Car -1 -1 -3.2499 697.6391 166.1936 756.4976 191.1406 1.7976 1.7111 4.1001 8.5246 1.3180 52.9483 -3.0902 0.6095
Car -1 -1 2.0331 196.7789 207.7963 325.1154 272.5800 1.4877 1.6493 4.1773 -9.9924 2.6039 20.9369 1.5878 -0.6305
