Car -1 -1 -1.3307 383.2898 177.5255 481.6240 248.3197 1.6020 1.5804 3.6049 -4.3300 1.4291 18.0692 -1.5659 13.6068
Car -1 -1 -1.1004 0.0000 184.3142 369.7572 375.0000 1.6108 1.6141 3.7860 -3.6878 1.6058 6.7816 -1.5985 12.9560
Car -1 -1 -1.5854 581.2372 169.6316 649.7365 238.3259 1.6188 1.6151 3.4967 0.1218 1.2527 18.6914 -1.5789 11.3694
Car -1 -1 -1.3878 464.3234 180.6872 516.7482 217.3671 1.4268 1.5423 3.4084 -4.8154 1.2517 29.6788 -1.5487 10.8875
Car -1 -1 -1.1074 209.0609 184.7509 345.4608 247.5452 1.4884 1.5942 4.1589 -8.6542 1.4786 19.1445 -1.5320 6.2838
Car -1 -1 -1.4476 500.5723 178.1022 541.9096 207.8918 1.4861 1.6559 4.2854 -4.5428 1.1323 38.0030 -1.5666 5.9759
Car -1 -1 1.9474 292.9576 178.3247 360.4413 213.8503 1.5650 1.6275 3.8704 -13.0826 1.2626 33.6034 1.5761 4.4598
Car -1 -1 1.8016 419.9394 164.5680 455.8694 186.2451 1.5378 1.6744 4.1658 -12.5078 0.0742 53.0752 1.5701 1.8954
Car -1 -1 2.2394 0.0000 191.2304 121.5560 356.7107 1.5412 1.6153 3.8260 -8.0063 1.6324 8.7987 1.5011 1.3572
Car -1 -1 -2.9866 494.0110 172.3168 555.9061 197.3172 1.5759 1.6244 3.7469 -5.3133 0.7639 46.1958 -3.1011 0.4371
Car -1 -1 1.8163 494.7016 171.8252 520.4334 187.7010 1.4737 1.5594 3.8042 -9.5493 0.2318 68.7008 1.6782 -0.3291
Car -1 -1 -1.5722 579.9717 174.5203 621.7705 215.4813 1.5950 1.6281 3.8520 -0.3299 1.1796 29.9237 -1.5833 -0.5107
