Car -1 -1 -1.7805 694.3435 190.1640 820.9884 283.3960 1.4269 1.5651 3.5844 2.5605 1.7951 13.5215 -1.5933 14.8161
Car -1 -1 1.8234 344.7125 178.2786 487.9538 273.8581 1.4949 1.6082 4.0076 -3.4808 1.6119 13.5140 1.5713 13.5857
Car -1 -1 1.4228 653.8903 184.4372 719.5373 233.2720 1.4312 1.5989 3.8931 2.4271 1.8497 24.0654 1.5233 11.3378
Car -1 -1 1.6553 475.8631 179.3773 531.9635 227.5083 1.4842 1.5888 3.6928 -3.5961 1.7246 24.6514 1.5104 11.0524
Car -1 -1 1.0107 797.4364 198.8630 1241.0000 374.0000 1.4702 1.5517 3.8477 2.6245 1.7200 4.9410 1.4989 9.2238
Car -1 -1 -1.6927 643.9661 179.9212 693.3874 220.0182 1.5310 1.6081 3.6343 2.3415 1.8438 30.0504 -1.6149 7.3140
Car -1 -1 2.2759 0.0000 192.5239 298.6947 374.0000 1.5505 1.6167 3.8584 -3.4474 1.7141 4.0533 1.5711 7.2259
Car -1 -1 -1.6764 636.6849 181.5152 678.6111 214.3818 1.4520 1.6069 3.9358 2.2121 1.8957 34.9279 -1.6132 4.1535
Car -1 -1 -0.8754 729.0637 174.0507 799.6470 202.0395 1.5063 1.6303 4.1575 8.7505 1.5778 40.9182 -0.6647 0.0496
Car -1 -1 1.5394 623.4787 176.8203 645.4003 196.2095 1.4878 1.6337 4.1846 1.9192 1.8203 58.3141 1.5723 -0.8382
