Car -1 -1 2.1332 0.0000 192.8138 210.8729 300.4723 1.4369 1.6256 4.3215 -8.9598 1.8480 12.6453 1.5167 13.6621
Car -1 -1 1.8032 383.3348 177.9144 438.4187 212.2911 1.4850 1.6056 4.0103 -9.2896 1.7367 33.7980 1.5350 8.6118
Car -1 -1 1.7743 458.7306 172.6995 490.2133 192.2488 1.4780 1.6404 4.0667 -10.6127 1.4667 56.5979 1.5890 4.0190
Car -1 -1 -1.5853 585.5008 168.8169 611.6731 194.6393 1.6271 1.6501 3.8085 -0.8113 1.3731 47.3911 -1.6024 3.9714
Car -1 -1 -1.4324 551.7024 172.2027 574.3011 187.8052 1.4678 1.6252 4.2122 -4.5472 1.4069 70.0370 -1.4972 2.6274
Car -1 -1 1.8421 371.2438 175.5630 441.9564 220.8050 1.4950 1.5681 3.4219 -7.2219 1.5985 25.7572 1.5688 2.5347
Car -1 -1 -0.9051 777.4966 147.0296 874.2165 190.5457 1.6036 1.6380 3.8128 8.4697 0.6523 28.3545 -0.6148 2.3800
Car -1 -1 1.7208 463.9931 172.0279 500.1767 198.8005 1.5393 1.6036 3.7263 -7.6743 1.4921 43.3641 1.5457 2.0438
Car -1 -1 1.8858 306.1371 174.5300 406.5173 235.1524 1.5853 1.6337 3.8084 -7.2595 1.6387 20.8918 1.5514 1.6931
Car -1 -1 1.6730 368.9174 180.4142 395.5295 200.1888 1.4780 1.6354 3.9335 -18.1761 2.1041 57.6184 1.3675 1.0095
Car -1 -1 2.2499 0.0000 190.2226 172.2745 365.4412 1.4736 1.6031 3.8612 -7.0911 1.7230 8.3992 1.5487 -0.2684
Car -1 -1 -1.6528 626.0867 169.0594 647.4290 185.9807 1.5408 1.6613 4.2022 2.4668 1.1956 67.8343 -1.6164 -0.8247
