Car -1 -1 1.8440 386.0021 192.9743 461.8690 243.1202 1.4752 1.5710 3.6389 -6.2776 2.2110 24.5344 1.5935 12.7611
Car -1 -1 -1.7263 657.2775 178.6901 714.1908 223.2300 1.5860 1.6363 3.6759 2.8324 1.8285 28.0622 -1.6257 9.8131
Car -1 -1 1.7983 431.6080 192.1052 490.2069 231.6857 1.4357 1.5621 3.8160 -6.1582 2.2871 29.9701 1.5956 9.4583
Car -1 -1 -0.9864 79.7839 206.1797 172.9611 246.2081 1.4610 1.5904 3.6642 -20.8528 2.9884 31.2241 -1.5753 7.7602
Car -1 -1 0.9476 1033.2990 141.8773 1134.2641 177.7398 1.7478 1.7982 5.0331 24.5579 0.2385 37.7167 1.5247 6.2591
Car -1 -1 -0.9524 0.0000 207.8898 77.4300 247.1540 1.4405 1.6139 3.9608 -25.9211 3.0984 32.1088 -1.6316 4.0747
Car -1 -1 -0.9994 32.1303 207.6915 126.1509 246.8252 1.4468 1.5831 3.7461 -23.4644 3.0851 32.0049 -1.6320 3.9567
Car -1 -1 -0.9082 145.1849 205.6614 239.2050 246.2154 1.4718 1.5838 3.7000 -18.0356 2.9823 31.2677 -1.4314 3.2768
Car -1 -1 1.6788 475.9364 185.2087 515.9066 219.0357 1.6323 1.6699 4.1154 -6.0563 2.3267 38.4400 1.5225 2.8977
Car -1 -1 1.2447 841.8525 164.5506 881.1254 185.3487 1.4683 1.5737 3.8056 18.3403 0.8824 52.8448 1.5787 2.1806
Car -1 -1 1.3919 758.9907 162.8500 787.3871 181.6028 1.4717 1.5808 3.8636 13.1886 0.6870 58.5878 1.6133 0.7137
Car -1 -1 -0.6692 1123.0477 145.4163 1223.7175 175.1232 1.5176 1.6292 3.9974 29.3372 0.1163 37.6887 -0.0078 0.2277
Car -1 -1 1.8212 478.1647 157.6028 503.1624 172.9135 1.4682 1.5726 3.6631 -11.7425 0.0061 71.0799 1.6575 -0.4472
