Car -1 -1 1.3858 698.7710 186.5660 801.1101 259.9263 1.4191 1.5870 3.8901 3.0388 1.7726 16.6313 1.5665 13.0708
Car -1 -1 1.8349 335.8181 178.0163 482.8727 284.9031 1.5034 1.5054 3.3633 -3.2168 1.6016 11.9914 1.5728 11.7918
Car -1 -1 1.7384 445.9444 179.7608 532.6488 242.7391 1.4506 1.6089 3.9492 -3.1136 1.6520 19.0293 1.5762 9.7328
Car -1 -1 -1.6537 655.2562 178.3369 692.9721 210.0057 1.4999 1.6079 3.5040 3.1630 1.7912 36.5323 -1.5673 9.2214
Car -1 -1 2.3050 0.0000 183.4418 276.3254 374.0000 1.5163 1.5956 3.9624 -3.2437 1.5949 3.3223 1.5315 8.4491
Car -1 -1 0.7393 900.8613 210.0458 1241.0000 374.0000 1.5448 1.6957 4.4868 2.8434 1.8026 2.7275 1.5455 5.5724
Car -1 -1 -1.5876 651.0925 177.7114 680.1914 205.3875 1.5098 1.6119 3.7486 3.1642 1.8055 41.9512 -1.5123 4.9207
Car -1 -1 1.6573 557.2360 174.4866 583.4169 196.6450 1.6016 1.6388 3.9556 -2.9852 1.7297 54.4492 1.6026 1.4548
Car -1 -1 1.4702 667.2276 159.0834 686.6848 174.2006 1.4674 1.5497 3.8446 6.6365 0.1311 71.9631 1.5622 1.0351
Car -1 -1 1.6489 574.1423 179.1166 593.9880 196.0600 1.4855 1.5389 3.8415 -2.3890 2.0813 66.6506 1.6131 -0.6925
Car -1 -1 -1.3068 393.3625 156.8377 461.8743 198.0408 1.4999 1.6227 3.9534 -7.0920 0.9172 28.2544 -1.5527 -0.8303
