Car -1 -1 -1.4485 466.5277 179.3439 537.9917 233.3639 1.5624 1.7137 4.6142 -3.3185 1.3937 23.1109 -1.5912 12.1217
Car -1 -1 -1.5755 562.2992 179.5168 615.2739 229.5350 1.5385 1.6310 3.6746 -0.6871 1.3643 23.9710 -1.6042 11.4786
Car -1 -1 -1.2256 193.4311 176.8574 456.7878 350.7501 1.6857 1.6816 4.1346 -3.2279 1.6058 9.0338 -1.5688 11.4029
Car -1 -1 -0.9122 0.0000 183.4320 193.8057 335.1014 1.6294 1.6202 4.0057 -7.6090 1.6114 9.7260 -1.5760 10.7634
Car -1 -1 -1.3343 407.7422 180.1633 461.6536 213.4806 1.5099 1.6214 4.0342 -8.2857 1.2820 34.5911 -1.5694 10.2728
Car -1 -1 -1.4919 507.3201 182.4965 543.8038 212.7077 1.4383 1.5428 3.5521 -4.1050 1.3100 36.0206 -1.6053 6.3593
Car -1 -1 2.1398 23.5955 189.8293 197.6398 257.2461 1.4632 1.6272 4.0522 -12.1981 1.5925 17.9267 1.5423 5.1870
Car -1 -1 -1.3557 455.4551 176.2339 494.8298 201.9770 1.6322 1.6861 4.3413 -8.7775 1.0639 47.7722 -1.5374 3.7363
Car -1 -1 -1.2930 374.2838 179.5278 418.1416 204.6989 1.4485 1.5739 3.7098 -12.6906 1.1223 43.2249 -1.5786 2.3475
Car -1 -1 1.9844 245.4912 186.1774 326.2108 226.5464 1.4670 1.5737 3.5449 -12.4695 1.5079 27.9801 1.5651 0.8134
Car -1 -1 1.6204 530.9672 174.9256 557.8576 201.4914 1.7330 1.6329 3.8611 -4.2900 1.0629 48.8510 1.5328 0.1223
