Car -1 -1 -1.9582 774.5706 180.2768 1032.2395 336.1836 1.5222 1.6175 3.7558 3.3300 1.6361 9.1305 -1.6085 14.1746
Car -1 -1 1.9492 254.8596 182.5844 401.5572 274.9384 1.5105 1.4989 3.2521 -5.2693 1.7187 13.7785 1.5840 12.0759
Car -1 -1 -1.8203 730.7731 179.2327 856.8276 264.4060 1.4814 1.5789 3.6877 3.5289 1.6279 14.6788 -1.5844 11.7135
Car -1 -1 -2.3868 962.9010 185.2346 1241.0000 374.0000 1.5285 1.5619 3.8018 3.4376 1.6224 3.5167 -1.6127 10.3338
Car -1 -1 1.8727 343.6458 181.2741 455.3394 247.6586 1.4589 1.6154 3.9335 -5.2499 1.6964 18.3420 1.5939 9.6785
Car -1 -1 -0.7720 715.3363 169.0993 787.9696 198.9752 1.7619 1.7312 4.4496 8.7268 1.5408 44.4893 -0.5783 2.3889
Car -1 -1 -1.7859 742.7944 158.2877 792.7559 196.1455 1.7932 1.6698 3.7283 7.7789 1.1036 36.0396 -1.5733 2.0735
Car -1 -1 -2.3627 476.5783 176.8470 531.5913 199.2847 1.4684 1.5917 3.6798 -7.3222 1.7526 49.5622 -2.5094 0.1856
Car -1 -1 2.2436 701.1522 171.9768 742.8992 188.8378 1.4772 1.6132 3.9538 10.1164 1.4007 65.1453 2.3976 -0.4808
Car -1 -1 -2.7221 314.6526 160.5372 406.6033 193.1145 1.5026 1.6076 3.8001 -11.8338 0.9348 34.2419 -3.0548 -0.5255
Car -1 -1 -1.7360 666.3449 171.1451 704.7759 199.2049 1.6169 1.6818 3.8932 4.4795 1.5188 43.5704 -1.6336 -0.5376
Car -1 -1 -0.2631 769.3806 155.8694 854.2187 186.3523 1.6330 1.6802 4.1784 10.9637 0.7235 39.5057 0.0076 -0.7841
