Car -1 -1 1.9148 318.8195 189.0941 425.0967 257.8713 1.5759 1.5733 3.5322 -6.2425 2.0478 19.1622 1.5999 13.5391
Car -1 -1 -1.7290 669.8601 177.0172 742.3294 231.2671 1.5440 1.6500 3.9297 2.8975 1.6876 22.8287 -1.6027 11.7084
Car -1 -1 1.8449 388.8173 189.3422 466.5237 239.2338 1.4843 1.5823 3.8976 -6.1927 2.0950 24.7370 1.5996 10.6984
Car -1 -1 1.7148 452.5848 180.2010 501.8533 218.3095 1.6037 1.6610 4.0940 -6.0858 1.9637 33.2380 1.5337 6.5162
Car -1 -1 0.8562 1100.6426 138.1464 1228.3223 181.9388 1.8117 1.7873 4.8386 24.5898 0.3762 32.3190 1.5066 6.2048
Car -1 -1 -0.9243 0.0000 200.2949 87.2190 251.9497 1.5616 1.6133 3.7274 -20.7843 2.6116 25.7077 -1.6042 4.2124
Car -1 -1 1.7089 528.8238 181.2478 552.7816 198.7311 1.4824 1.6059 4.1352 -6.2483 2.2668 65.2932 1.6135 1.6973
Car -1 -1 1.7046 475.1966 184.1133 513.5214 214.0364 1.5097 1.5956 3.7809 -6.3557 2.1602 39.7481 1.5461 1.0039
Car -1 -1 1.6070 504.9009 182.3456 530.7752 205.5286 1.4635 1.6120 3.9873 -6.2891 2.1394 49.2909 1.4801 -0.0164
Car -1 -1 -1.8593 396.6612 176.5405 427.7107 194.9777 1.5301 1.5956 3.7575 -17.2376 1.8612 62.7018 -2.1276 -0.1528
