Car -1 -1 -1.2817 312.6836 181.1870 507.5564 313.0931 1.4841 1.5799 3.9511 -2.6651 1.6275 10.3726 -1.5332 14.4268
Car -1 -1 -1.6953 661.2038 174.7273 724.0096 222.7388 1.4547 1.5916 3.7629 2.6101 1.5221 23.9013 -1.5865 13.9049
Car -1 -1 -1.8896 739.8969 178.3823 998.4114 351.5933 1.4788 1.5620 3.5687 2.5264 1.5547 8.0681 -1.5861 12.8888
Car -1 -1 -1.1737 0.0000 150.0109 424.2959 374.0000 1.7470 1.6581 4.1611 -2.6674 1.6458 5.3372 -1.6371 10.8057
Car -1 -1 -2.2954 856.8819 86.3027 1241.0000 374.0000 1.6003 1.6328 3.9860 2.3627 1.5181 2.6798 -1.5728 9.5668
Car -1 -1 -1.7496 641.2388 171.3719 687.5813 205.5550 1.6346 1.6624 3.8903 2.6574 1.5640 36.5218 -1.6769 8.6498
Car -1 -1 -1.4197 403.7601 178.7847 502.5715 258.1247 1.4480 1.5214 3.4345 -3.2320 1.5877 15.1877 -1.6293 8.1221
Car -1 -1 -1.6134 539.1976 173.9114 574.3436 205.4424 1.5501 1.6515 3.9922 -2.8633 1.6087 37.6882 -1.6892 5.9995
Car -1 -1 0.2717 316.5034 163.9291 431.4747 203.9626 1.4815 1.5752 3.8967 -8.9926 1.1516 27.5706 -0.0436 1.9808
Car -1 -1 -0.1311 668.3451 158.7412 718.0698 176.7275 1.4912 1.6223 3.9734 6.9463 0.3215 60.6620 -0.0171 1.6402
Car -1 -1 -1.3993 537.1935 156.5696 562.5292 173.7345 1.4868 1.5945 4.0452 -5.3692 0.0766 64.5805 -1.4822 0.2422
