Car -1 -1 -1.7710 692.8757 181.9124 798.9326 260.6928 1.4724 1.5687 3.4420 2.7678 1.6907 15.6227 -1.5957 14.4020
Car -1 -1 0.5040 141.7386 173.5300 395.0116 258.4796 1.5602 1.6321 4.2557 -6.6658 1.5747 14.2179 0.0656 11.4873
Car -1 -1 -2.2734 898.7119 197.0730 1241.0000 374.0000 1.4858 1.5990 3.6942 2.9167 1.6672 3.5348 -1.5835 10.1581
Car -1 -1 -2.3694 0.0000 168.4569 194.5962 374.0000 1.6422 1.6557 3.9451 -6.2848 1.6076 6.5684 -3.1327 9.5579
Car -1 -1 -2.8615 277.3362 165.5930 456.6880 237.1086 1.7993 1.7113 4.1879 -6.3616 1.6169 19.0922 -3.1831 9.4348
Car -1 -1 -1.6833 655.4677 173.3475 713.9167 221.5480 1.6429 1.6785 4.1276 2.6385 1.6629 26.7085 -1.5849 9.3696
Car -1 -1 -2.4804 0.0000 175.1783 245.1806 311.7225 1.5775 1.5845 3.3211 -6.7652 1.6102 9.1987 -3.1146 7.2869
Car -1 -1 0.2493 355.2288 176.1842 485.7006 225.2028 1.5711 1.6001 3.9331 -6.2889 1.6862 24.0462 -0.0065 6.1569
Car -1 -1 3.2649 388.2120 173.7421 495.3047 219.3394 1.6183 1.6124 3.6805 -6.1819 1.6527 26.6389 3.0369 5.1066
Car -1 -1 -1.7010 636.2708 174.1533 673.4121 204.8416 1.6934 1.6556 3.8963 2.5266 1.7730 41.9833 -1.6409 4.5998
Car -1 -1 1.6101 533.6895 174.4100 557.5308 196.8754 1.6049 1.6218 3.8702 -4.7948 1.7255 53.7898 1.5211 0.4584
Car -1 -1 -0.1154 715.9557 168.8943 799.4480 198.5351 1.8894 1.8362 5.1614 9.5502 1.6373 47.1228 0.0845 -0.0009
