Car -1 -1 -1.9297 280.7527 196.4301 403.3172 270.9333 1.4694 1.5676 3.6072 -6.5410 2.0959 17.2857 -2.2914 13.2843
Car -1 -1 -1.7674 147.2718 190.7954 216.2214 233.9199 1.4966 1.6295 3.8247 -17.0838 2.2581 28.6390 -2.3052 9.9377
Car -1 -1 -2.2012 410.2479 157.9535 675.9148 317.8499 2.0757 1.8444 4.6537 -1.3382 1.8827 11.7004 -2.3151 9.7089
Car -1 -1 1.3613 750.0979 175.8921 847.9835 237.9144 1.4506 1.6280 4.3190 4.8544 1.5414 19.2758 1.6080 8.5440
Car -1 -1 1.5390 669.6948 179.6929 730.4851 237.8193 1.4633 1.5631 3.7258 2.4427 1.6766 20.5375 1.6574 7.3399
Car -1 -1 3.4185 341.2507 180.6606 437.7080 215.2817 1.5395 1.6441 3.9638 -10.1694 1.9098 33.3302 3.1223 6.9861
Car -1 -1 3.4417 281.8502 183.6378 370.6602 212.9103 1.4659 1.6399 4.0273 -14.8469 2.0458 37.8093 3.0675 2.8949
Car -1 -1 -1.3567 92.2620 188.0218 130.5591 209.1860 1.4690 1.6075 3.9759 -38.1825 2.6770 55.2981 -1.9610 0.8749
Car -1 -1 -0.9561 801.6993 152.2421 872.4465 180.4731 1.5323 1.6612 4.3193 12.9422 0.4139 41.1313 -0.6513 0.1241
Car -1 -1 0.1081 54.9585 197.7921 132.1624 224.7379 1.4579 1.5250 3.6404 -31.0694 3.0148 43.4754 -0.5124 -0.8172
