Car -1 -1 -1.8419 498.0152 205.5097 627.7904 304.4415 1.4921 1.5874 3.6312 -1.1048 2.2230 14.1623 -1.9197 12.0756
Car -1 -1 -1.9700 558.9394 206.0314 789.0733 368.8016 1.5325 1.6256 3.8823 0.5629 2.0779 9.7487 -1.9124 11.8749
Car -1 -1 -2.2596 698.0332 200.3182 1233.3251 374.0000 1.4668 1.5380 3.3858 2.0114 1.7363 5.2189 -1.8918 9.7227
Car -1 -1 -1.7046 447.1426 196.8449 527.3606 269.8765 1.5975 1.5991 3.5326 -3.3561 2.2927 18.9708 -1.8797 8.8478
Car -1 -1 1.8489 0.0000 219.0272 166.8612 374.0000 1.5088 1.6187 3.9914 -6.1909 2.1496 7.8517 1.1812 8.3398
Car -1 -1 -1.5771 218.5383 197.7751 276.5278 257.5917 1.7375 1.6558 3.7723 -12.4693 2.6629 24.7253 -2.0441 7.4162
Car -1 -1 1.7241 102.9802 214.9724 227.7714 313.2955 1.4528 1.5649 3.3961 -8.5970 2.3870 14.1275 1.1774 7.1642
Car -1 -1 -1.6516 403.8091 203.4429 451.0039 245.5999 1.4898 1.6212 3.9891 -7.8804 2.8857 30.7658 -1.9024 6.0307
Car -1 -1 -0.7994 469.7097 183.7190 524.1300 205.4135 1.5514 1.6366 4.3104 -8.7635 2.4295 56.0611 -0.9545 1.7547
Car -1 -1 -0.5361 484.2331 178.2969 551.4061 202.4946 1.4714 1.6278 4.0404 -5.9579 1.8376 46.6066 -0.6633 -0.1113
Car -1 -1 -1.3018 378.7871 198.9195 419.6021 225.2377 1.4764 1.5614 3.7621 -13.4518 3.2111 46.1144 -1.5857 -0.7941
