Car -1 -1 -1.7140 633.1136 167.0403 711.8904 239.3242 1.8729 1.6924 3.8116 1.6408 1.7226 20.6485 -1.6347 11.5197
Car -1 -1 -1.4807 447.0997 177.4171 519.3121 240.7130 1.5722 1.6465 3.7889 -3.4922 1.7124 20.1565 -1.6522 11.3987
Car -1 -1 2.1760 0.0000 218.6831 306.2245 374.0000 1.4197 1.5610 3.6272 -2.9004 1.7580 3.4381 1.4752 7.9575
Car -1 -1 -1.7201 613.6414 179.7897 663.6095 216.9863 1.4445 1.5664 3.7851 1.1157 1.7591 30.7205 -1.6838 7.5926
Car -1 -1 1.6666 495.2082 178.6169 536.5260 212.4669 1.4687 1.5767 3.6604 -4.3948 1.7538 33.7905 1.5373 3.4286
Car -1 -1 -1.4995 466.7413 155.7967 498.3869 184.8114 1.8879 1.8008 4.7519 -8.7013 0.7784 49.4006 -1.6739 1.9123
Car -1 -1 1.6737 524.7129 175.4959 551.0578 196.4095 1.5328 1.6266 3.8179 -5.5160 1.7426 55.2748 1.5742 1.4754
Car -1 -1 -1.7032 631.7592 181.9948 690.0948 228.2241 1.4900 1.5926 3.7521 1.7134 1.8433 25.9382 -1.6373 1.3172
Car -1 -1 1.6661 480.2062 179.7633 531.3496 219.6658 1.5070 1.6976 4.6346 -4.3518 1.8212 30.4173 1.5240 0.3755
Car -1 -1 1.6033 597.8682 171.5001 619.0239 189.8693 1.5047 1.6577 4.4218 -0.1225 1.3942 61.3371 1.6013 0.0477
