Car -1 -1 -2.3579 743.7917 174.1470 858.5966 224.3998 1.4947 1.5606 3.5302 6.0859 1.5405 23.4734 -2.1042 11.6616
Car -1 -1 -1.7610 624.1995 175.5582 668.2112 206.1617 1.4277 1.5625 3.3557 1.7084 1.5687 35.7430 -1.7132 9.7754
Car -1 -1 -2.6695 149.8404 172.1294 361.5511 257.8729 1.6503 1.5802 3.5452 -7.1636 1.6367 14.7082 -3.1228 9.6877
Car -1 -1 3.8371 0.0000 184.2613 192.3004 345.2691 1.4534 1.5822 3.4933 -6.5895 1.5851 7.4682 3.1141 8.3823
Car -1 -1 3.4764 254.9105 154.9748 455.9224 234.5809 2.0092 1.8227 4.6859 -6.6686 1.5583 19.1214 3.1408 7.5194
Car -1 -1 0.8481 0.0000 185.4494 176.0137 374.0000 1.5703 1.6424 4.2694 -5.7804 1.6751 5.1477 0.0049 6.3401
Car -1 -1 3.5071 209.3218 179.4382 402.5127 246.4715 1.4601 1.5857 3.8144 -6.9877 1.6209 16.7303 3.1115 6.1044
Car -1 -1 -1.5925 612.3200 174.5591 639.0699 198.8237 1.4510 1.5898 3.7739 0.9183 1.5629 45.2983 -1.5722 4.1729
Car -1 -1 3.3705 382.3901 176.8389 490.6266 213.1101 1.5221 1.6605 4.3024 -7.5055 1.7000 31.3058 3.1352 3.9341
Car -1 -1 0.1220 460.9442 175.7841 520.5856 198.3911 1.4888 1.6094 3.7993 -8.0299 1.6903 48.6275 -0.0417 3.2240
Car -1 -1 3.3224 423.4253 176.1515 502.1718 205.8899 1.5291 1.6201 3.8503 -7.7705 1.7076 38.1338 3.1214 2.4079
