Car -1 -1 -3.6638 909.5154 195.0365 1241.0000 314.6125 1.4084 1.5959 3.9653 6.2990 1.7357 9.7304 -3.0893 14.0928
Car -1 -1 2.8019 747.9951 167.9222 937.7035 238.0506 1.8603 1.7776 4.7069 6.3360 1.7298 20.1071 3.1071 13.8791
Car -1 -1 -0.3764 868.4176 182.5691 1152.9021 284.2901 1.5521 1.6247 3.8908 6.5389 1.7311 12.2327 0.1145 10.8383
Car -1 -1 -2.9013 363.8118 175.2810 488.7663 219.5327 1.5347 1.6637 4.0790 -6.5813 1.6252 25.9615 -3.1495 10.0828
Car -1 -1 3.7859 0.0000 174.7761 206.3949 363.0883 1.5848 1.6702 3.9437 -6.4866 1.6069 7.1095 3.0463 9.1783
Car -1 -1 0.4301 186.4099 148.9764 414.8993 244.7489 2.0403 1.7693 4.4164 -6.9171 1.5320 16.3176 0.0292 9.0178
Car -1 -1 -1.6718 646.2520 148.0593 713.0528 218.1945 2.6098 2.1154 6.0658 2.7043 1.6875 29.8908 -1.5816 6.1110
Car -1 -1 -2.7708 248.8114 177.3784 419.6638 236.3620 1.4582 1.5989 3.8351 -7.1317 1.5814 18.7740 -3.1338 6.0241
Car -1 -1 3.1457 407.0657 167.9649 516.1975 211.2413 1.7701 1.7525 4.4378 -6.3403 1.5705 30.8072 2.9427 5.9177
Car -1 -1 -2.4419 1004.5233 198.2458 1241.0000 374.0000 1.5150 1.5610 3.8436 2.9683 1.6650 2.2968 -1.5296 5.0800
Car -1 -1 -1.6324 706.2475 163.0507 730.0848 182.4847 1.5209 1.6361 4.5626 8.7534 0.7540 58.8060 -1.4846 2.5079
Car -1 -1 -1.1379 706.6645 177.3296 762.0331 204.5971 1.4985 1.5763 4.2659 7.3545 1.7767 42.5774 -0.9669 0.3790
Car -1 -1 1.6955 516.9286 172.7392 546.9294 196.2631 1.5589 1.6034 3.7406 -5.3684 1.5517 49.6969 1.5879 -0.1618
Car -1 -1 1.6613 533.1630 177.9141 558.3136 198.1210 1.4688 1.5860 3.7817 -4.9172 1.8702 55.2846 1.5726 -0.8353
