Car -1 -1 -1.7268 681.4049 183.1448 760.9610 242.9542 1.4321 1.5417 3.3284 2.8424 1.3837 18.8783 -1.5774 13.7201
Car -1 -1 -1.2065 195.3322 183.7013 437.6432 324.5047 1.5387 1.6309 4.2337 -3.7387 1.5233 9.9734 -1.5652 13.3964
Car -1 -1 -1.3647 426.6670 179.0208 503.0719 233.1654 1.5508 1.5970 3.7949 -4.4136 1.3745 22.4926 -1.5585 12.5263
Car -1 -1 -1.0153 59.4856 189.8737 270.5406 277.6038 1.3872 1.5752 3.8033 -8.0767 1.4881 13.4799 -1.5551 12.1936
Car -1 -1 -1.3103 380.9302 170.8328 442.8963 215.1742 1.8717 1.7127 4.0141 -8.7622 1.2657 32.3496 -1.5748 7.4639
Car -1 -1 -1.5654 583.5623 176.2814 612.9914 203.8290 1.5461 1.6519 3.9050 -0.5763 1.0458 42.3013 -1.5790 7.0934
Car -1 -1 -1.6364 628.3970 177.9945 657.5077 201.3477 1.4431 1.6157 3.9050 2.2084 0.9980 46.3851 -1.5888 6.8949
Car -1 -1 -1.4516 492.5518 182.1802 533.5506 213.1076 1.4315 1.5676 3.6022 -4.6027 1.2921 35.0784 -1.5821 6.7373
Car -1 -1 -1.4792 519.2979 178.0662 549.2280 201.5145 1.4393 1.5714 3.7409 -4.6878 1.0016 45.9979 -1.5807 4.6820
Car -1 -1 -1.5041 577.7201 177.0233 604.0833 199.2633 1.5040 1.5868 4.1820 -1.1721 0.9511 50.7334 -1.5272 2.6025
Car -1 -1 -1.2875 292.0468 179.3057 376.4750 229.4526 1.4608 1.5545 3.5932 -8.6046 1.2897 22.7878 -1.6485 0.8752
Car -1 -1 -1.3742 473.5571 177.2478 506.7184 198.8837 1.4642 1.5925 3.7996 -8.2520 0.9261 50.5699 -1.5360 0.8367
Car -1 -1 2.5486 0.0000 196.0906 143.6981 375.0000 1.4982 1.5701 3.8982 -3.4138 1.5614 2.1179 1.5330 0.1350
