Car -1 -1 -1.3123 370.4922 183.0637 465.7869 245.3557 1.4094 1.4901 3.3303 -4.6659 1.3618 17.9287 -1.5669 14.5472
Car -1 -1 -1.2001 281.2991 179.2983 381.0982 231.9293 1.4692 1.5831 3.7580 -8.3577 1.3051 21.9474 -1.5639 13.4312
Car -1 -1 -0.9232 0.0000 190.5547 284.6538 375.0000 1.5663 1.6013 3.9211 -4.1748 1.6225 5.4454 -1.5773 12.3811
Car -1 -1 -1.5769 573.6591 172.8650 652.7722 254.2962 1.6664 1.6192 3.3992 0.0592 1.4148 16.4086 -1.5733 11.1787
Car -1 -1 -1.0458 128.2400 181.7287 252.5261 234.4153 1.4948 1.5886 3.9093 -12.8516 1.3970 22.3485 -1.5677 10.4282
Car -1 -1 -1.4119 451.2177 177.6408 515.3571 221.3124 1.4600 1.6468 4.2266 -4.4734 1.2079 26.1509 -1.5813 9.5184
Car -1 -1 -1.3179 370.4381 167.7103 422.2982 201.9958 1.8914 1.8117 4.5963 -12.2887 0.9268 41.9790 -1.6026 7.1163
Car -1 -1 -0.8981 0.0000 180.5748 128.1171 256.8617 1.4374 1.5320 3.6964 -12.3144 1.3511 15.3909 -1.5729 4.8803
Car -1 -1 -1.5668 549.9691 169.9718 567.5852 186.8254 1.6137 1.6842 4.5393 -4.8437 0.1553 71.1437 -1.6348 4.7925
Car -1 -1 1.6620 519.7321 171.1585 553.2301 200.1108 1.5948 1.5970 3.6489 -4.0925 0.8216 41.4244 1.5635 2.6046
Car -1 -1 -0.9827 10.7816 190.4609 148.4603 244.1433 1.4645 1.5628 3.7311 -15.9347 1.6391 21.8742 -1.6123 1.9516
Car -1 -1 -1.6100 624.0965 178.8944 646.7205 198.6457 1.4577 1.5756 3.7475 2.0666 0.9923 54.9255 -1.5724 1.1988
Car -1 -1 1.6211 544.7121 180.2150 577.0184 208.3333 1.5328 1.6469 4.1132 -2.6722 1.2613 41.2510 1.5564 -0.8251
