Car -1 -1 -0.3305 608.9652 178.6979 776.5965 241.6831 1.5255 1.6185 4.0649 2.0846 1.6893 18.9369 -0.2208 13.3469
Car -1 -1 3.6626 0.0000 213.2177 185.9411 333.5776 1.4181 1.5433 3.5832 -8.3416 2.0509 10.2531 2.9797 11.0163
Car -1 -1 0.3098 100.7295 189.7572 300.3823 260.3989 1.6244 1.6123 4.1257 -10.3063 2.0832 18.3670 -0.2016 9.3157
Car -1 -1 -0.2048 566.3220 178.0081 668.2169 217.5262 1.5378 1.6112 3.9261 0.2274 1.7577 29.5565 -0.1971 8.8137
Car -1 -1 3.5991 0.0000 197.8572 226.8208 301.5883 1.5732 1.5796 3.5506 -8.8903 2.0441 12.5150 2.9815 7.3051
Car -1 -1 3.3521 249.8130 188.4966 365.6642 228.4692 1.4715 1.6216 3.9901 -11.9448 2.1179 28.6328 2.9569 6.8514
Car -1 -1 3.4335 149.8087 192.3311 320.1225 249.7654 1.5006 1.6358 4.0627 -10.7327 2.0949 20.8224 2.9576 6.3986
Car -1 -1 0.3752 189.1479 189.4379 341.0931 239.5529 1.5242 1.6390 4.1628 -11.1965 2.0877 23.5384 -0.0688 3.5024
Car -1 -1 1.5707 274.4299 175.3331 300.7406 198.6459 1.5462 1.6194 3.8689 -22.5449 1.7269 50.3943 1.1500 1.9844
Car -1 -1 -0.2766 554.8395 179.6693 647.1421 215.3742 1.4915 1.5990 3.7933 -0.4535 1.8060 31.9475 -0.2908 1.8377
Car -1 -1 1.8444 286.5447 159.9023 340.5485 190.3274 1.4773 1.5944 3.8014 -15.1714 0.8488 37.0126 1.4554 0.7307
Car -1 -1 -1.9229 374.7352 182.2283 406.8602 199.4178 1.4585 1.5938 3.7240 -19.8901 2.3332 65.3293 -2.2184 0.6257
