Car -1 -1 -3.6244 858.8011 188.5448 1198.3726 298.4097 1.5128 1.6338 4.2343 6.1550 1.7725 11.0515 -3.1162 13.2859
Car -1 -1 3.5513 129.4476 184.6231 382.3676 271.0668 1.4697 1.5554 3.9090 -6.4567 1.7019 13.3547 3.1009 11.9220
Car -1 -1 -0.3884 791.7593 190.4640 962.2139 249.0729 1.3940 1.5873 3.7909 6.7319 1.8684 18.5504 -0.0403 11.8594
Car -1 -1 -0.7213 1069.7853 196.2730 1241.0000 374.0000 1.5011 1.6212 3.7508 6.5516 1.7451 6.5816 0.0618 10.4252
Car -1 -1 3.4562 221.5350 187.5745 445.0113 260.4576 1.4642 1.6304 4.2677 -5.9600 1.8051 15.7755 3.0950 10.4053
Car -1 -1 -0.2236 705.3281 185.6615 807.5905 222.6505 1.4950 1.6061 3.9919 6.1189 2.0538 30.6069 -0.0263 10.3888
Car -1 -1 0.3296 330.0605 182.1641 490.2673 242.2275 1.6004 1.6143 4.0714 -5.6332 1.8765 20.4393 0.0606 9.9970
Car -1 -1 -0.3194 769.2820 186.2741 913.4284 241.0431 1.4907 1.5682 3.6557 6.5615 1.8939 20.8439 -0.0144 9.0591
Car -1 -1 -1.5896 645.7170 185.7233 673.5661 211.2482 1.4465 1.6514 4.1864 3.0341 2.2904 45.1646 -1.5225 8.2724
Car -1 -1 3.3400 367.5826 178.1978 496.8108 226.8320 1.6375 1.6644 4.1733 -6.2248 1.8329 25.4117 3.0998 7.8165
Car -1 -1 0.7653 0.0000 96.5615 254.2108 374.0000 2.0321 1.8079 4.6640 -5.6977 1.5171 5.8006 -0.0111 5.7304
Car -1 -1 1.6319 577.6200 182.6712 596.2352 198.8728 1.4686 1.5724 3.6917 -2.2175 2.4405 69.5351 1.6000 2.8878
Car -1 -1 1.6183 546.5345 181.7770 569.2733 202.3618 1.5441 1.6316 4.1148 -4.1795 2.2875 57.9993 1.5464 1.0042
Car -1 -1 1.4642 665.1385 156.9279 686.4313 174.8672 1.6808 1.6270 3.9740 6.2994 0.1890 69.5998 1.5545 0.0321
