Car -1 -1 1.9635 161.4598 201.5814 436.3821 364.6516 1.4243 1.6312 4.1531 -3.5971 1.8713 9.1260 1.5881 13.0928
Car -1 -1 -1.9150 756.3949 187.2791 1055.7415 372.6087 1.4687 1.6435 4.1365 2.8468 1.6727 8.1117 -1.5775 12.2242
Car -1 -1 -1.7885 713.0402 179.9233 847.8752 272.3204 1.5240 1.6662 4.2564 3.1420 1.6859 14.3542 -1.5730 12.0182
Car -1 -1 1.7772 427.3387 185.9071 514.7510 250.6703 1.4979 1.5576 3.7426 -3.6591 1.8821 19.3317 1.5902 10.7683
Car -1 -1 2.3411 0.0000 208.2463 254.1690 374.0000 1.4843 1.5265 3.9583 -3.5023 1.7544 3.5058 1.5562 10.0204
Car -1 -1 -1.7303 689.6274 179.4077 771.7853 243.3181 1.5646 1.6261 3.8344 3.1851 1.7638 19.9732 -1.5721 9.6787
Car -1 -1 1.7808 360.2016 190.3793 474.2022 277.5668 1.4707 1.5329 3.4560 -3.8238 1.8695 14.6377 1.5253 8.4714
Car -1 -1 -2.3788 967.1973 182.6162 1241.0000 374.0000 1.4916 1.5341 3.8630 2.6968 1.5496 2.2782 -1.5095 6.4454
Car -1 -1 -1.8210 638.5198 177.2334 684.6243 207.3828 1.6246 1.6839 4.0979 2.8849 1.8910 41.6733 -1.7518 5.3646
Car -1 -1 -1.5681 599.0326 180.9009 619.6943 201.4436 1.5035 1.5534 3.6641 -0.0720 2.1498 56.0765 -1.5694 4.6351
Car -1 -1 2.1234 563.1579 178.9189 597.4003 194.8629 1.4950 1.5924 3.8614 -2.9227 2.1121 71.3021 2.0824 2.9588
Car -1 -1 -1.7961 566.4163 185.2469 592.9145 202.7922 1.4763 1.5811 3.8751 -2.8133 2.6411 65.7203 -1.8389 1.3938
Car -1 -1 1.8541 474.5033 178.9646 518.4608 206.8152 1.5730 1.6241 3.8163 -6.8422 1.9598 43.6228 1.6985 0.2964
Car -1 -1 -1.9056 943.8718 155.8473 1027.4500 201.0545 1.6174 1.6482 3.9276 14.3503 1.0093 27.8715 -1.4301 -0.7431
