Car -1 -1 -1.5952 554.1698 181.5184 714.1113 336.4452 1.5362 1.6324 3.6524 0.1833 1.6689 9.1864 -1.5752 12.2500
Car -1 -1 -1.3906 436.3034 179.9636 522.3640 243.5359 1.5451 1.6212 4.2072 -3.5650 1.7644 20.1122 -1.5660 12.2133
Car -1 -1 -1.7372 688.7941 179.2719 747.5073 217.7472 1.4097 1.6530 4.2830 4.2658 1.6900 29.3128 -1.5927 11.8853
Car -1 -1 -1.0293 0.0000 176.6270 376.7787 374.0000 1.6946 1.6262 3.8121 -3.2704 1.7337 5.4978 -1.5660 11.8262
Car -1 -1 -1.4449 477.3987 170.9944 537.6399 224.2252 1.8124 1.7004 4.0525 -3.7372 1.7494 26.6015 -1.5845 10.8159
Car -1 -1 -1.3112 313.6260 132.7765 499.2919 289.3750 2.3257 1.9487 5.1704 -3.4729 1.7309 13.3024 -1.5666 9.0119
Car -1 -1 -1.6735 669.8309 168.2941 715.3202 209.8219 2.0245 1.8589 4.7529 4.1865 1.8026 37.5574 -1.5625 8.4602
Car -1 -1 -3.0166 730.5567 172.8073 772.1276 188.6188 1.4574 1.5623 3.6689 13.2720 1.4534 67.8189 -2.8233 5.2779
Car -1 -1 2.0435 283.4538 179.1073 328.6469 200.1483 1.4745 1.5698 3.7307 -22.5597 1.9562 53.6208 1.6452 0.0794
Car -1 -1 1.9251 269.2893 180.0798 310.2026 202.3405 1.5666 1.6080 3.7096 -23.9028 2.1259 53.9115 1.5078 -0.1806
Car -1 -1 -0.1699 616.2510 176.8057 660.9158 192.8877 1.4824 1.6231 3.9941 2.6626 1.8616 68.0961 -0.1308 -0.4427
Car -1 -1 -0.9503 127.9203 174.4424 179.7636 193.7352 1.4720 1.5879 3.7639 -36.1809 1.6028 57.2921 -1.5135 -0.8098
