Car -1 -1 -1.3021 341.7753 184.9492 476.2419 271.8041 1.4236 1.5668 3.8998 -3.8602 1.6969 14.3222 -1.5654 12.9294
Car -1 -1 -1.4052 443.0261 179.2920 488.0737 212.7519 1.5175 1.5694 3.7391 -7.0551 1.8501 35.3419 -1.6023 9.8928
Car -1 -1 2.1557 21.3129 182.9063 169.5821 236.3184 1.4809 1.6806 4.4367 -16.2821 1.8341 23.0879 1.5415 9.6203
Car -1 -1 -1.5457 541.8674 179.2817 567.7178 202.9357 1.4543 1.5988 3.7793 -3.6184 1.8935 47.3349 -1.6220 3.9816
Car -1 -1 -1.5879 568.5850 167.3276 592.9305 196.7407 2.4278 1.9993 5.5427 -2.5956 1.9720 62.3781 -1.6295 1.7718
Car -1 -1 1.9041 353.7496 179.0513 394.0285 200.4125 1.5036 1.6466 3.9981 -17.6321 1.9848 53.9668 1.5884 1.2553
Car -1 -1 1.0670 932.4672 196.6595 995.3792 224.0483 1.4861 1.6519 4.3062 22.0228 3.0484 45.1481 1.5208 0.6055
Car -1 -1 2.4889 177.5353 180.8846 245.3265 204.5544 1.4607 1.5763 3.7596 -26.4501 2.0174 47.9445 1.9848 0.5490
Car -1 -1 -0.2469 749.1018 187.9222 818.7672 213.2167 1.5051 1.6082 3.9241 10.7162 2.4571 44.7428 -0.0119 0.2981
Car -1 -1 -1.3496 860.6336 191.4682 924.6446 234.1159 1.4568 1.5768 3.6465 11.0915 2.2377 28.2999 -0.9760 0.1215
Car -1 -1 0.9344 1142.3988 198.9867 1210.1751 224.1972 1.4726 1.5516 3.8811 37.6854 3.2887 48.1704 1.5983 -0.7291
