Car -1 -1 -1.7157 667.4252 185.4808 751.0742 245.3744 1.4421 1.6929 4.5275 2.6575 1.8430 20.6084 -1.5874 13.0817
Car -1 -1 0.4200 105.3410 183.1024 397.2031 282.4341 1.5787 1.6731 4.2386 -6.1138 1.7703 12.5580 -0.0331 12.5469
Car -1 -1 -0.1680 740.3501 183.6222 850.5771 225.7989 1.4106 1.5049 3.5635 6.4365 1.8045 25.4752 0.0795 10.2693
Car -1 -1 0.1977 343.1687 183.2470 490.2052 235.6115 1.4940 1.5667 4.0731 -5.8092 1.8222 21.8518 -0.0622 9.4564
Car -1 -1 0.4047 219.1916 180.9971 426.3267 249.6371 1.5330 1.6169 4.2970 -6.7858 1.7372 17.1880 0.0287 9.1484
Car -1 -1 3.8430 0.0000 190.6043 231.3304 365.5801 1.4546 1.6278 4.0375 -6.1942 1.6489 7.0257 3.1204 8.9745
Car -1 -1 -0.0374 667.6522 183.2867 726.6352 205.6248 1.4676 1.6200 3.9363 5.8829 2.1944 49.2732 0.0814 5.7358
Car -1 -1 3.5158 154.8102 182.4619 367.6591 261.1348 1.4949 1.5589 3.6224 -7.0895 1.7049 14.8359 3.0700 4.8488
Car -1 -1 1.5025 628.7204 182.1076 650.2338 200.4453 1.5268 1.6330 4.0790 2.5729 2.3772 64.2163 1.5425 -0.0258
Car -1 -1 0.9198 274.0644 154.6112 335.6091 181.0518 1.5748 1.5883 3.6913 -18.8964 0.4886 44.5767 0.5189 -0.1810
