Car -1 -1 -1.8145 623.2618 189.5535 713.2249 258.1683 1.5198 1.5488 3.2276 1.3572 1.9891 18.5388 -1.7415 11.1731
Car -1 -1 -0.8627 692.1756 185.0171 784.4150 224.6975 1.4951 1.5920 3.9898 5.3734 2.0366 30.2171 -0.6867 9.7579
Car -1 -1 -0.9786 761.3202 183.2443 845.6787 219.0171 1.4899 1.6610 4.2588 8.9228 1.9982 33.2486 -0.7164 9.6923
Car -1 -1 2.5046 554.3082 187.0054 639.8739 222.0419 1.4949 1.5853 3.8492 -0.6159 2.1983 34.0393 2.4865 9.5501
Car -1 -1 -0.9889 829.5145 184.4302 895.1777 214.9221 1.4031 1.5227 3.3210 12.5848 2.0075 36.0367 -0.6530 7.7029
Car -1 -1 -2.2733 874.5759 197.4425 1241.0000 374.0000 1.5410 1.6202 4.0027 2.9095 1.7369 3.7063 -1.6077 6.2697
Car -1 -1 -1.0633 871.9142 176.0562 940.5586 210.6981 1.7537 1.6956 3.9759 15.9134 1.9346 38.7782 -0.6739 2.6235
Car -1 -1 2.1742 267.7215 183.5688 314.8142 203.5545 1.4484 1.5685 3.6499 -24.8459 2.3137 56.3068 1.7587 2.3254
Car -1 -1 -1.8147 958.2283 179.4182 1002.9244 205.3784 1.5283 1.6141 3.8869 23.3250 1.9624 45.6002 -1.3419 2.0825
Car -1 -1 1.9547 229.8593 150.0599 280.7793 174.8387 1.5583 1.6420 3.9515 -23.2619 0.1252 47.4026 1.4985 -0.6275
