Car -1 -1 1.8787 347.1793 187.0961 451.5953 250.7587 1.4927 1.6244 3.9253 -5.6843 1.9229 19.7882 1.5990 12.5142
Car -1 -1 -0.9484 0.0000 191.1548 275.7476 374.0000 1.6215 1.6289 3.8071 -5.8253 1.8913 8.6919 -1.5389 12.2122
Car -1 -1 -2.1663 904.9083 190.4909 1241.0000 374.0000 1.5036 1.5522 3.7409 3.0721 1.6503 4.0773 -1.5206 11.5122
Car -1 -1 1.8100 412.1529 186.0025 483.9319 232.4835 1.4292 1.5876 3.7882 -5.6020 1.9231 25.1728 1.5910 11.3074
Car -1 -1 1.7561 450.4494 182.8446 504.1139 221.0871 1.4453 1.5438 3.7096 -5.5086 1.8881 30.0944 1.5751 9.2110
Car -1 -1 2.8618 780.0958 161.0585 885.9499 195.9304 1.4932 1.6380 4.1573 9.7108 0.9885 31.7477 3.1586 5.6322
Car -1 -1 1.7329 478.6592 181.0125 523.7744 214.4129 1.5320 1.6158 3.9245 -5.4093 1.9621 36.0298 1.5838 5.6199
Car -1 -1 1.7222 508.2766 180.5199 543.9293 206.6494 1.4691 1.5771 3.8908 -5.0668 1.9547 43.6952 1.6068 4.9707
Car -1 -1 1.6958 466.6672 169.4358 495.0860 189.9405 1.4566 1.6125 3.7083 -9.5018 1.2142 53.1483 1.5189 3.2272
Car -1 -1 -0.5588 1008.7627 150.6973 1104.9695 178.9732 1.4930 1.6490 4.1748 24.0231 0.3235 38.9322 -0.0059 3.1800
Car -1 -1 -1.6961 662.1899 171.9650 704.1691 205.0608 1.6411 1.6703 4.1925 3.7466 1.5974 37.8945 -1.5975 2.6839
Car -1 -1 -1.7441 724.5638 169.2505 764.6501 196.3645 1.4471 1.5872 3.6607 7.4408 1.2552 40.3446 -1.5617 2.5668
Car -1 -1 2.8657 755.1569 163.4574 842.6157 194.1038 1.5214 1.6225 4.0083 9.5173 1.0553 36.6734 3.1196 1.2274
Car -1 -1 -0.6338 1091.0761 140.5916 1221.4638 176.0349 1.4704 1.6539 4.2917 23.1900 0.1323 30.7835 0.0118 0.8178
Car -1 -1 0.8329 1195.1699 142.8528 1241.0000 179.6840 1.4965 1.6210 3.8760 27.7152 0.2779 31.2629 1.5582 0.1867
Car -1 -1 -3.4067 766.8496 157.4667 854.5825 190.7223 1.5362 1.5902 3.7090 9.4071 0.8257 34.1295 -3.1378 -0.3241
Car -1 -1 -0.5701 1052.9058 143.7096 1163.2854 176.4421 1.4886 1.6332 3.9927 23.1538 0.1635 33.6921 0.0320 -0.3466
Car -1 -1 0.7038 410.2569 168.6242 471.1462 191.1329 1.4728 1.6004 3.8999 -11.4902 1.1964 48.8081 0.4726 -0.5919
