Car -1 -1 -1.1835 172.1327 190.1213 396.3114 303.2285 1.4404 1.6688 4.4408 -4.9146 1.5358 11.5762 -1.5850 13.3654
Car -1 -1 -0.9807 0.0000 194.3249 203.0846 295.0833 1.4400 1.4922 3.3862 -8.6389 1.6186 12.2888 -1.5934 12.3819
Car -1 -1 -1.3001 352.1508 181.3868 425.8422 225.7043 1.6013 1.6776 4.2476 -8.4845 1.4641 28.1130 -1.5932 11.3941
Car -1 -1 -1.1175 168.2547 183.6797 291.1181 239.1014 1.5471 1.6831 4.1788 -11.5260 1.5053 22.1736 -1.5969 9.5460
Car -1 -1 -1.2437 289.6568 182.3071 383.2932 235.7605 1.4941 1.5518 3.7447 -8.2170 1.4139 21.9841 -1.6014 9.3328
Car -1 -1 -1.4010 420.4214 145.5433 511.7825 233.1880 2.6555 2.1062 5.7848 -4.7213 1.4546 24.6885 -1.5899 6.8511
Car -1 -1 -1.5696 572.2856 180.9029 602.7036 208.3754 1.4952 1.6558 4.0559 -1.1882 1.2616 41.1697 -1.5984 6.3098
Car -1 -1 -1.4815 492.0297 183.7622 529.0884 214.3237 1.4589 1.5350 3.5705 -4.8703 1.3906 36.1289 -1.6155 5.9891
Car -1 -1 -0.0460 610.2909 180.2774 659.5593 197.6625 1.4825 1.6384 4.1825 2.3097 1.0625 62.1323 -0.0089 1.3277
Car -1 -1 -1.4856 379.8957 170.8553 402.7404 188.4843 1.4600 1.5715 3.6009 -18.4849 0.2718 61.4525 -1.7778 -0.5099
