Car -1 -1 1.1073 851.6151 210.9082 1241.0000 374.0000 1.4140 1.6270 4.2533 3.9367 1.9218 7.4766 1.5919 13.6768
Car -1 -1 -1.7846 756.5029 198.9633 894.6536 300.8363 1.4613 1.5957 3.9548 3.7606 2.0199 13.4047 -1.5110 13.1521
Car -1 -1 1.6863 532.7184 178.5868 580.4477 217.5063 1.5542 1.6272 3.9522 -2.3021 1.8201 31.4108 1.6132 9.2926
Car -1 -1 1.8118 278.9052 152.9506 508.2226 342.6072 1.9152 1.7619 4.5733 -2.5646 1.7146 9.5876 1.5504 9.0625
Car -1 -1 -1.7221 681.8755 184.6004 735.0379 225.3737 1.5255 1.6233 3.7870 3.9836 2.0454 30.0024 -1.5901 8.9814
Car -1 -1 -1.7806 728.5507 190.0455 817.7247 258.8601 1.5407 1.5613 3.3598 4.0709 2.0262 18.6768 -1.5660 8.8855
Car -1 -1 1.7636 422.0302 186.4963 532.7152 272.3977 1.5039 1.5866 3.6333 -2.6774 1.8233 15.0403 1.5875 7.4617
Car -1 -1 -1.7334 701.9214 189.2336 761.0561 236.3924 1.4717 1.5275 3.1943 4.1372 2.0810 25.2215 -1.5708 6.7562
Car -1 -1 -1.6925 673.5551 185.0215 715.8342 217.7196 1.4643 1.6086 3.8601 4.0949 2.0992 35.6873 -1.5782 3.6864
Car -1 -1 1.6232 581.8671 187.4216 610.7535 213.1185 1.4745 1.6249 3.9839 -0.8599 2.4385 45.7060 1.6044 0.3730
Car -1 -1 -1.0711 830.8109 166.2744 898.1351 198.8191 1.4404 1.5307 3.3754 11.8484 1.1496 33.6299 -0.7324 0.1866
Car -1 -1 1.5924 666.2147 182.8084 692.0809 207.7441 1.5178 1.6165 3.9851 4.5692 2.2041 47.6438 1.6880 -0.5114
Car -1 -1 1.6826 771.8646 176.5353 801.0928 197.8581 1.4940 1.6468 4.2566 13.1238 1.7796 53.6229 1.9226 -0.8443
