Car -1 -1 2.0380 0.0000 192.3359 379.4984 374.0000 1.4991 1.6386 4.1660 -3.6667 1.7402 6.8108 1.5441 13.3155
Car -1 -1 1.7621 461.4850 183.0735 535.8961 234.5457 1.4796 1.6363 4.2426 -3.6015 1.8468 23.7465 1.6116 12.7805
Car -1 -1 1.4263 671.2283 174.7232 765.4836 253.7104 1.6635 1.6495 3.8472 2.4105 1.7134 17.2120 1.5655 12.5262
Car -1 -1 -1.7128 647.9246 181.3746 712.2385 231.1297 1.4775 1.5701 4.0046 2.2146 1.7873 24.1620 -1.6214 8.9915
Car -1 -1 1.6554 516.3549 178.8095 550.8890 210.1193 1.5771 1.5597 3.4566 -4.0965 1.9117 38.7494 1.5500 7.5485
Car -1 -1 -0.1764 708.2032 160.8835 802.2424 191.0458 1.4796 1.6667 4.4072 7.2057 0.8928 36.2698 0.0197 2.9435
Car -1 -1 -1.6525 638.4789 180.8282 686.4044 222.5693 1.5397 1.6119 3.9440 2.0264 1.8863 29.3514 -1.5836 2.8327
Car -1 -1 1.7010 487.0157 165.6245 515.8538 186.3371 1.5192 1.6435 4.2153 -8.2660 0.9893 55.0414 1.5520 2.2157
Car -1 -1 -0.2715 743.0766 175.9352 861.7339 216.3328 1.4787 1.6160 4.0629 7.1931 1.5996 27.3737 -0.0146 2.1591
Car -1 -1 3.2699 446.1766 180.9625 538.8513 220.0852 1.5543 1.5710 3.6145 -4.8493 1.8997 29.8565 3.1089 1.0136
Car -1 -1 -1.4222 434.4180 172.0542 478.4117 205.1622 1.6031 1.6421 3.9102 -7.8387 1.5647 36.9346 -1.6313 0.2972
Car -1 -1 -1.5553 622.7139 177.6605 641.3431 195.3801 1.4805 1.5766 3.9288 1.9384 1.9163 63.3667 -1.5247 0.2965
Car -1 -1 1.7930 485.9985 142.2633 524.6788 167.1420 1.4875 1.6128 3.9675 -6.6701 -0.3809 46.1161 1.6494 -0.2665
Car -1 -1 1.5179 630.9950 179.9019 661.0901 206.3107 1.4777 1.5920 3.9764 2.0946 1.9217 43.4246 1.5661 -0.3450
