Car -1 -1 2.0768 0.0000 201.7429 367.1951 374.0000 1.5581 1.6051 3.9624 -3.7467 1.9041 6.6418 1.5632 12.6081
Car -1 -1 -1.5907 620.3630 183.8378 676.2461 239.3870 1.5258 1.5861 3.2938 1.0883 1.8887 22.1456 -1.5416 9.0173
Car -1 -1 1.7839 422.0816 166.9578 528.0716 247.2443 2.2211 2.0032 6.3770 -4.1495 2.0583 23.1806 1.6068 5.5324
Car -1 -1 -1.6063 609.8978 175.1296 632.2593 195.6451 1.5511 1.6236 3.7899 0.8192 1.7369 56.8840 -1.5919 1.8196
Car -1 -1 1.5488 614.0822 178.6740 645.0491 208.6739 1.5647 1.6356 3.8672 1.0166 1.9060 40.3190 1.5740 1.1495
Car -1 -1 -1.7089 710.9993 142.0537 751.5932 172.2557 1.5727 1.6491 4.0565 6.5812 -0.0343 39.7007 -1.5446 0.7481
Car -1 -1 1.4844 652.7000 158.1954 672.5713 174.9991 1.6049 1.6143 3.8662 5.1261 0.2052 70.8568 1.5567 0.0653
Car -1 -1 1.4215 659.2664 174.7487 698.7107 203.7494 1.5393 1.6343 3.9047 3.7903 1.6514 40.5501 1.5147 -0.4253
Car -1 -1 -1.7770 687.2351 175.1667 757.1036 228.3702 1.7300 1.6730 3.8751 3.8468 1.8188 25.6140 -1.6280 -0.7449
Car -1 -1 -0.1687 653.4407 174.1036 701.5857 195.1878 1.5261 1.5514 3.3216 4.9320 1.6202 53.2302 -0.0763 -0.7571
Car -1 -1 -1.6498 680.1166 156.2691 704.0544 176.0014 1.5375 1.6096 3.9015 6.5638 0.2456 58.1955 -1.5375 -0.8403
