Car -1 -1 -2.0368 808.2320 180.2191 1241.0000 374.0000 1.5293 1.5716 3.4124 2.8461 1.6074 5.9014 -1.5874 14.8712
Car -1 -1 -1.2618 275.3676 196.8930 431.6560 305.9039 1.4812 1.5172 3.4109 -4.2331 1.9482 12.2832 -1.5937 13.8091
Car -1 -1 -1.3408 409.4259 181.2850 499.0744 247.8121 1.7310 1.6887 4.1356 -4.5362 2.0057 21.3850 -1.5498 12.2151
Car -1 -1 -1.7276 688.6056 178.7996 780.8957 256.2752 1.5405 1.5393 3.1254 2.6428 1.6869 16.1513 -1.5654 11.8615
Car -1 -1 1.7060 488.3983 183.0234 531.1011 218.8827 1.6061 1.5718 3.8000 -4.8864 2.1308 35.2956 1.5685 11.3085
Car -1 -1 -1.6622 650.6414 176.3464 694.7425 215.6946 1.6264 1.6155 3.5300 2.6783 1.7897 31.9060 -1.5785 9.2640
Car -1 -1 1.7871 429.9564 163.1761 477.4554 192.0214 1.4627 1.6474 4.0832 -8.3376 0.9723 38.6304 1.5745 3.3287
Car -1 -1 1.6202 521.4996 183.5112 547.2209 206.5985 1.5071 1.6157 3.9752 -5.3394 2.2908 51.0013 1.5159 2.7068
Car -1 -1 1.6647 676.5898 157.9123 699.8334 176.3417 1.4955 1.5924 3.7986 6.5701 0.2834 60.5680 1.7728 2.4759
Car -1 -1 1.7030 550.7578 182.5568 572.7917 198.8727 1.4839 1.6185 4.0625 -4.6771 2.4559 70.1727 1.6364 1.3830
Car -1 -1 -1.3941 685.0942 175.0782 718.1821 197.4395 1.4904 1.6315 3.9824 6.4432 1.6535 50.6584 -1.2676 -0.0041
Car -1 -1 -1.3734 631.4825 177.4014 654.3089 192.8689 1.4702 1.5665 3.7404 3.2816 1.9355 71.7626 -1.3277 -0.0549
Car -1 -1 1.3078 728.0230 167.7775 790.7695 206.8019 1.4620 1.5654 3.5877 5.8597 1.2721 28.8674 1.5080 -0.8458
