Car -1 -1 1.7161 517.5649 167.4358 590.7059 234.3076 1.8809 1.6977 3.9351 -1.6776 1.7288 22.3140 1.6411 11.4798
Car -1 -1 3.4140 302.6139 176.2976 495.1294 238.4463 1.4997 1.6727 4.4147 -5.3075 1.5918 18.3600 3.1326 11.2835
Car -1 -1 0.9598 897.1184 203.6812 1241.0000 374.0000 1.4726 1.5259 3.5259 2.8056 1.7064 3.6671 1.6129 10.6302
Car -1 -1 -1.7006 707.3767 171.9130 779.0598 237.9028 1.8155 1.6444 3.5947 3.8659 1.7899 21.6815 -1.5241 9.7828
Car -1 -1 1.5277 573.6730 176.1985 615.9858 215.4606 1.5507 1.6246 4.0769 -0.7496 1.7042 30.9401 1.5034 5.3710
Car -1 -1 1.7263 600.8682 174.2178 637.8921 201.4598 1.5041 1.5664 3.9737 0.5605 1.5880 42.1337 1.7396 4.3139
Car -1 -1 1.6257 585.4510 170.1914 623.3832 206.8323 1.7709 1.7140 4.3451 -0.2682 1.6426 37.0808 1.6185 3.1134
Car -1 -1 -0.7994 735.4571 155.8894 803.0321 181.4038 1.5104 1.6155 4.1828 9.8196 0.5065 44.5369 -0.5823 2.0226
Car -1 -1 -0.4475 862.1047 181.9255 1116.6289 266.4895 1.6074 1.6810 4.3234 7.5743 1.8052 14.8002 0.0255 1.8464
Car -1 -1 -2.3147 1155.9439 127.1432 1241.0000 237.4236 1.5154 1.6114 3.9927 11.2665 0.8876 11.9189 -1.5574 -0.1162
