Car -1 -1 1.8176 428.0409 187.3834 487.0199 227.4447 1.4843 1.5689 3.5367 -6.2752 2.1216 29.8325 1.6102 11.0163
Car -1 -1 -2.3107 996.7198 163.5688 1241.0000 374.0000 1.4604 1.5564 3.9321 3.0065 1.4531 2.6364 -1.4598 10.1287
Car -1 -1 2.2626 0.0000 208.9799 199.5574 374.0000 1.5453 1.5822 3.6870 -6.0459 2.0034 7.2963 1.5707 9.7165
Car -1 -1 -1.6861 650.1702 174.6027 694.6790 211.5229 1.6104 1.6284 3.7578 2.8066 1.6967 33.5531 -1.6026 9.5966
Car -1 -1 -1.0382 161.5102 197.7770 228.8311 231.8216 1.5299 1.5493 3.1609 -20.8577 2.8404 36.3383 -1.5592 8.6477
Car -1 -1 1.7695 458.3218 186.1400 507.5470 219.7875 1.4797 1.6083 4.0596 -6.2037 2.1697 35.3968 1.5960 7.1031
Car -1 -1 -1.0378 119.5312 202.0709 189.1023 233.3852 1.4060 1.5390 3.3754 -23.5091 2.9858 37.2938 -1.6003 6.5232
Car -1 -1 -0.9616 69.7859 203.8354 147.9829 236.0745 1.4374 1.5825 3.5421 -25.8828 3.1177 37.3496 -1.5676 5.8525
Car -1 -1 1.6983 490.7240 179.7062 525.9459 208.3693 1.6274 1.6293 4.0050 -6.1753 2.0642 43.9389 1.5586 4.1250
Car -1 -1 2.0087 218.3351 193.1110 288.3215 229.0262 1.6122 1.6334 4.0365 -18.0894 2.7005 36.7155 1.5510 3.3162
Car -1 -1 -1.7758 821.0660 162.2067 852.0548 181.0560 1.4793 1.6044 4.0746 18.3729 0.6441 58.7307 -1.4726 2.1952
Car -1 -1 1.3927 863.6826 154.7516 887.4713 170.3069 1.4750 1.5640 3.6890 26.0873 -0.2572 71.0052 1.7448 0.5274
