Car -1 -1 -1.9384 338.6472 193.0460 463.8964 266.0904 1.4099 1.5711 3.7289 -5.0436 1.9397 16.9618 -2.2274 13.6796
Car -1 -1 -2.1842 474.5537 154.2513 741.4943 325.6415 2.0411 1.8048 4.3057 -0.3022 1.8199 10.8549 -2.2121 10.9962
Car -1 -1 1.3167 819.5486 174.2711 932.9628 239.8439 1.4273 1.6131 4.1492 6.4017 1.4671 17.9334 1.6596 10.2260
Car -1 -1 -2.8667 410.1436 178.9805 496.5443 213.2970 1.5163 1.5651 3.5827 -7.1838 1.8052 33.0876 -3.0805 8.1729
Car -1 -1 -1.7401 222.2124 188.6719 284.5609 231.1711 1.5093 1.6315 3.7950 -14.4881 2.1926 29.1340 -2.2015 7.9668
Car -1 -1 1.5400 741.5417 171.7371 804.8570 230.5843 1.4160 1.4987 3.4270 4.2196 1.3895 19.1818 1.7566 6.7282
Car -1 -1 3.4336 344.7988 181.7661 432.1499 210.8439 1.4751 1.6515 4.0910 -11.6386 1.9546 37.9512 3.1360 2.4458
Car -1 -1 -0.9940 797.1489 173.5558 885.5807 211.9276 1.4568 1.5957 3.8165 9.3840 1.4874 29.2811 -0.6839 1.0367
Car -1 -1 -0.6416 561.5572 148.8245 621.6153 171.1853 1.4864 1.6246 3.9926 -1.2833 -0.1199 50.1127 -0.6672 0.1631
Car -1 -1 0.5409 900.6650 158.4995 1069.6862 216.4537 1.4703 1.6208 3.9696 10.4225 1.1065 20.4155 1.0129 -0.1240
Car -1 -1 3.1594 388.6043 178.7395 465.9932 209.8997 1.4731 1.5786 3.6372 -9.0517 1.7746 35.7377 2.9113 -0.6869
