Car -1 -1 -2.2651 0.0000 168.0041 170.6854 290.6285 2.0179 1.8210 4.6167 -10.8085 1.9384 13.2018 -2.9511 9.1732
Car -1 -1 1.3524 231.7192 181.0866 317.5913 232.4522 1.4151 1.5814 4.0804 -10.6393 1.6978 22.6453 0.9132 8.8087
Car -1 -1 1.5269 157.1648 176.6493 219.4872 227.7709 1.4347 1.5074 3.4648 -13.1756 1.5626 22.3863 0.9949 2.7655
Car -1 -1 -2.7292 309.2413 148.3069 405.7748 182.0366 1.4564 1.5774 3.7328 -11.2237 0.3968 32.0791 -3.0657 2.5276
Car -1 -1 -1.4888 591.2358 150.1499 615.6938 169.9900 1.4918 1.5974 4.1812 -0.5071 -0.2345 57.0114 -1.4977 1.8818
Car -1 -1 -1.2761 321.2433 142.8849 380.6214 176.9884 1.6349 1.6899 4.2238 -13.1403 0.1986 36.7369 -1.6196 0.5685
Car -1 -1 -1.9317 828.5219 170.5821 903.5044 208.6488 1.4636 1.6068 3.9458 10.4072 1.3767 29.7318 -1.5950 0.3829
Car -1 -1 1.8975 420.9129 143.3056 476.4615 173.2871 1.4781 1.6278 4.0088 -8.3813 0.0217 37.6493 1.6784 0.3400
Car -1 -1 0.7504 0.0000 151.5163 86.9838 177.1714 1.5118 1.6775 4.5710 -34.4120 0.2548 43.5391 0.0815 -0.3027
Car -1 -1 -2.6756 317.9409 146.8391 394.5393 171.6558 1.4778 1.6351 4.1268 -15.5290 -0.0747 44.1414 -3.0139 -0.8164
