Car -1 -1 -1.9133 566.3044 188.7389 716.1239 284.9699 1.4335 1.5637 3.7813 0.3693 1.7751 13.4587 -1.8859 13.7380
Car -1 -1 -1.7200 464.4228 180.3774 521.6558 223.1110 1.4978 1.6362 3.8051 -4.6558 1.8124 28.0746 -1.8844 10.4974
Car -1 -1 1.9277 0.0000 213.6886 128.7493 374.0000 1.4185 1.5699 3.8071 -6.2529 1.9397 7.1434 1.2086 9.8692
Car -1 -1 1.7930 19.9256 197.6112 199.7462 316.9727 1.4849 1.5929 3.8698 -8.0659 1.9666 11.9334 1.1987 8.4910
Car -1 -1 -2.2774 738.0256 99.6488 1241.0000 374.0000 2.0118 1.7647 4.4848 2.8548 1.6224 6.2371 -1.8482 8.3981
Car -1 -1 1.7489 281.9633 185.6905 325.9001 215.1552 1.4981 1.6171 3.8438 -17.1641 2.2560 40.5253 1.3482 7.5034
Car -1 -1 -2.8844 644.9430 166.7541 746.8504 205.3327 1.5056 1.5611 3.8820 3.4827 1.2679 29.5928 -2.7673 7.1877
Car -1 -1 -1.8501 213.4786 178.9035 252.5115 200.6541 1.4996 1.5863 3.6111 -27.5490 1.9568 52.6301 -2.3324 2.1541
Car -1 -1 2.8881 500.0359 155.1860 564.5340 179.6624 1.4593 1.5879 3.6654 -4.8203 0.4063 44.4081 2.7800 2.0540
Car -1 -1 -1.6017 436.6153 176.6275 457.5737 195.0322 1.4802 1.6041 3.8097 -13.7993 1.8098 60.9107 -1.8245 1.6387
Car -1 -1 -1.0767 261.8700 173.7862 303.2614 191.5184 1.4766 1.5811 3.9303 -28.2432 1.5600 62.3067 -1.5023 0.4115
