Car -1 -1 -1.7423 683.1136 168.8096 779.8930 245.4996 1.7125 1.6778 4.1935 2.8799 1.6226 18.2185 -1.5856 10.4983
Car -1 -1 -1.7090 573.5450 179.7128 602.8697 202.4276 1.5184 1.6005 3.5680 -1.6100 2.0241 51.2673 -1.7404 8.5255
Car -1 -1 -2.3759 925.4852 180.0942 1241.0000 374.0000 1.6115 1.5958 3.9678 3.1106 1.6649 3.2693 -1.6154 7.4560
Car -1 -1 1.4070 667.3113 180.9258 736.2399 232.3687 1.4902 1.5962 3.8448 2.8496 1.7750 23.4670 1.5278 6.5886
Car -1 -1 -1.7669 634.0322 182.2461 682.1072 216.6384 1.4128 1.5269 3.2892 2.0619 1.8564 32.3144 -1.7032 6.5474
Car -1 -1 -1.7787 608.1247 178.2139 650.0473 208.5811 1.5437 1.5696 3.5601 0.9555 1.8497 39.2389 -1.7543 5.3422
Car -1 -1 -1.5205 468.7398 181.7577 507.1874 216.5822 1.5443 1.6477 4.0252 -5.9297 2.0044 35.1594 -1.6876 5.1226
Car -1 -1 -1.6548 555.8293 179.7947 578.1874 197.9913 1.4639 1.5948 3.6515 -3.7091 2.0738 61.4333 -1.7151 4.0429
Car -1 -1 -1.8219 728.8911 174.2748 940.1294 320.3614 1.7307 1.7867 4.8671 3.0249 1.7576 11.0410 -1.5544 2.0302
Car -1 -1 -2.2595 260.3346 187.9904 363.8473 231.4498 1.4815 1.5952 3.7497 -11.3215 2.0875 27.2828 -2.6528 -0.1431
