Car -1 -1 -1.9962 816.2881 185.2697 1209.3944 374.0000 1.5622 1.6031 3.6671 3.1347 1.7082 6.6131 -1.5536 13.4411
Car -1 -1 2.1070 0.0000 209.6904 357.2203 374.0000 1.4609 1.5594 3.7841 -3.6845 1.8761 6.2301 1.5729 11.2621
Car -1 -1 -1.8494 651.6174 186.8541 716.0974 228.9373 1.4622 1.5906 3.4970 2.7707 2.0453 28.1699 -1.7514 8.3078
Car -1 -1 -3.1923 795.2728 182.2609 950.7236 243.9429 1.5863 1.6457 3.9612 7.2499 1.8694 20.3258 -2.8497 8.0162
Car -1 -1 -1.8237 591.3215 187.0674 631.7048 214.9512 1.5059 1.5789 3.4156 0.0150 2.3839 42.7015 -1.8233 6.6750
Car -1 -1 2.4299 548.4084 184.9373 596.6495 204.7502 1.4745 1.5665 3.7491 -3.0034 2.4745 57.8281 2.3780 5.5000
Car -1 -1 -3.6521 975.2522 175.5060 1154.1659 232.4688 1.4557 1.5700 3.7854 12.0644 1.5305 19.3887 -3.0955 2.8215
Car -1 -1 -0.8496 706.1774 180.0040 755.5244 198.6166 1.4902 1.6638 4.3762 10.2788 2.1186 61.3498 -0.6836 2.5410
Car -1 -1 0.8645 1161.4222 145.7238 1241.0000 240.1190 1.4512 1.5563 3.6394 11.9579 1.0344 12.9388 1.6105 0.6654
Car -1 -1 0.8683 350.8438 188.0241 454.4593 232.3819 1.4715 1.5799 3.8590 -7.7861 2.0724 26.8383 0.5860 -0.7060
