Car -1 -1 -1.0325 0.0000 197.4771 315.6198 375.0000 1.4274 1.5240 3.6127 -4.5478 1.5861 7.4190 -1.5824 13.4092
Car -1 -1 -1.1076 188.8446 184.1801 295.4373 228.8737 1.3921 1.5982 3.9998 -12.2990 1.3610 24.3897 -1.5746 13.2659
Car -1 -1 -1.3211 335.7214 181.3844 461.7375 260.6291 1.4930 1.6434 4.0871 -4.4050 1.4219 15.6033 -1.5962 12.2827
Car -1 -1 -1.5655 584.9963 175.6387 662.6394 252.6189 1.6149 1.6305 3.5873 0.3330 1.4151 16.8896 -1.5458 10.8865
Car -1 -1 -0.9720 0.0000 185.8463 234.9993 283.8547 1.4524 1.5960 3.6842 -8.3164 1.4661 12.5249 -1.5582 7.0189
Car -1 -1 2.0799 177.0469 176.0864 226.6450 197.3466 1.5270 1.5728 3.7819 -30.1759 0.8724 53.5207 1.5665 6.4987
Car -1 -1 -1.2442 288.7273 167.9052 365.2576 213.1430 1.8361 1.7663 4.4940 -12.2014 1.1347 31.4569 -1.6143 6.1348
Car -1 -1 1.7387 680.0290 180.5073 707.1370 198.3390 1.4707 1.6359 4.1363 7.3643 1.0835 61.4985 1.8579 3.8555
Car -1 -1 2.1876 46.1111 178.7657 145.4441 209.4092 1.4667 1.7314 4.7047 -26.0490 1.1591 36.7554 1.5711 3.0394
Car -1 -1 2.0003 311.1191 178.9714 407.1774 229.5495 1.5730 1.5981 3.8876 -8.3452 1.3799 24.3667 1.6704 2.3590
Car -1 -1 -1.5513 537.2847 165.5047 561.6025 192.0991 2.1028 1.9060 5.3148 -4.7981 0.5454 59.5465 -1.6317 1.0409
Car -1 -1 -1.2458 395.7203 168.4572 427.5436 185.3456 1.4867 1.6108 3.9586 -17.7834 0.0126 65.3022 -1.5117 0.3841
Car -1 -1 -1.4077 447.8913 168.0544 519.1347 227.8390 1.8210 1.7047 3.9744 -4.0711 1.2994 23.8838 -1.5765 -0.2822
Car -1 -1 1.6970 566.1184 182.4371 588.3390 198.5303 1.4749 1.6133 3.9653 -2.8618 1.2214 67.9227 1.6549 -0.4951
