Car -1 -1 2.0100 98.7519 201.2157 388.9822 374.0000 1.4756 1.5427 3.3878 -3.8195 1.8606 8.0882 1.5688 12.5546
Car -1 -1 -1.6815 663.8326 183.3592 726.3587 232.6463 1.4407 1.6106 3.9122 2.6866 1.8173 23.8803 -1.5695 11.2223
Car -1 -1 -3.6003 855.1533 167.8568 1082.6296 238.3805 1.5573 1.6890 4.4554 8.1707 1.4473 16.7875 -3.1474 11.0747
Car -1 -1 -1.3330 414.4672 185.6008 481.9325 231.0125 1.5776 1.6469 4.1648 -6.3013 2.1157 28.3384 -1.5518 8.6102
Car -1 -1 2.7268 817.6175 156.1922 1011.0954 224.0197 1.7909 1.7490 4.6238 8.2687 1.3513 19.9743 3.1193 8.2692
Car -1 -1 2.7587 771.4404 165.6554 899.8519 213.3401 1.6603 1.6462 4.1183 8.0652 1.4100 26.1120 3.0582 8.1358
Car -1 -1 1.7586 472.6340 186.5250 514.9170 215.7286 1.4490 1.5978 3.8603 -6.3556 2.2363 39.5789 1.5994 7.1533
Car -1 -1 1.9285 281.5161 193.1853 403.1902 269.4833 1.5418 1.5867 3.5322 -6.3172 2.0795 17.2947 1.5783 6.8183
Car -1 -1 -0.6236 1103.9977 151.5215 1241.0000 190.5014 1.5212 1.6634 4.2285 22.5627 0.6890 29.0632 0.0366 6.1782
Car -1 -1 1.7628 442.5659 170.3202 477.5222 192.6382 1.4845 1.6196 4.1180 -10.3836 1.3163 50.0598 1.5583 3.7927
Car -1 -1 -0.5158 1010.4829 156.8841 1117.3335 187.9615 1.4920 1.6393 4.1938 22.2595 0.7257 35.5490 0.0436 2.5298
Car -1 -1 -1.9237 730.9130 171.7187 770.6540 193.0201 1.5029 1.5938 3.9399 10.2594 1.4231 52.9755 -1.7324 1.7867
Car -1 -1 1.7078 486.3638 184.3331 521.0539 211.2480 1.5412 1.6204 3.9115 -6.6076 2.2880 44.9522 1.5619 0.9243
Car -1 -1 2.1150 122.0700 163.4331 183.4254 187.1138 1.4831 1.5417 4.0011 -29.8592 0.8934 47.2010 1.5509 0.0887
Car -1 -1 2.2639 438.7931 157.6022 479.8731 174.5943 1.4934 1.5800 3.8102 -13.6533 0.1533 65.4662 2.0582 -0.5852
