Car -1 -1 -1.8021 674.8622 190.0575 763.5410 253.7569 1.4937 1.5903 3.6385 2.8447 2.0115 19.8159 -1.6595 11.8502
Car -1 -1 -2.7230 200.9596 196.1111 422.9599 268.4833 1.4356 1.6064 4.1845 -6.4359 1.9710 15.7321 -3.1114 11.8495
Car -1 -1 3.7522 0.0000 193.8880 237.2226 343.4090 1.5335 1.5839 3.6545 -6.7091 1.8089 8.5402 3.0863 10.9216
Car -1 -1 -1.7030 643.9341 187.7742 696.3650 228.8071 1.4826 1.6229 3.8743 2.3475 2.1336 29.4833 -1.6236 10.0095
Car -1 -1 3.6890 0.0000 193.9839 311.1801 308.1520 1.5352 1.6206 3.8252 -6.7918 1.8776 10.8420 3.1294 9.4112
Car -1 -1 3.4147 329.0186 191.3100 467.4410 242.3507 1.4944 1.6306 3.8575 -6.5892 2.0934 22.5641 3.1305 7.0932
Car -1 -1 0.2389 422.1824 190.5012 522.9347 224.1106 1.4640 1.6085 4.3103 -6.3343 2.3011 33.2976 0.0510 6.7882
Car -1 -1 -2.8113 1053.1612 196.3740 1241.0000 374.0000 1.5121 1.6025 3.8957 6.8259 1.8162 7.2186 -2.0539 6.5192
Car -1 -1 3.4765 274.1468 193.3199 448.5066 248.6173 1.4488 1.6496 4.3517 -6.9659 2.0504 20.3569 3.1468 5.2394
Car -1 -1 -2.8785 353.6241 188.7969 479.0102 234.2802 1.5050 1.6129 3.9553 -6.7531 2.0812 25.2496 -3.1398 2.1905
Car -1 -1 1.7274 505.8026 189.9136 539.9701 215.7925 1.4587 1.5665 3.6398 -5.4174 2.5656 44.9505 1.6074 0.9684
Car -1 -1 1.4982 625.7787 183.4419 648.6745 203.8977 1.5791 1.6080 3.9374 2.2010 2.4858 59.7610 1.5350 0.2855
Car -1 -1 1.5258 526.6026 187.8584 552.3276 212.0843 1.5252 1.5950 3.7378 -4.9308 2.6024 49.8194 1.4272 0.0898
Car -1 -1 -1.6473 641.2341 185.5722 675.7236 215.7561 1.5416 1.6272 3.8823 2.6362 2.2893 40.4432 -1.5822 0.0192
Car -1 -1 1.8184 442.2055 172.6881 483.6326 197.4934 1.4775 1.6048 3.9856 -9.1505 1.4680 45.0033 1.6178 -0.6594
