Car -1 -1 -1.3535 383.3415 182.7327 483.3574 244.7500 1.4365 1.6499 4.2284 -4.4529 1.3801 18.7733 -1.5864 13.5838
Car -1 -1 -1.1693 166.8771 190.6902 381.4313 315.3025 1.4652 1.5252 3.4800 -4.5975 1.5586 10.3548 -1.5872 12.9173
Car -1 -1 -1.5526 575.5277 177.5976 656.8442 256.0105 1.5885 1.6501 3.6553 0.1739 1.4353 16.4092 -1.5420 12.3718
Car -1 -1 -1.0695 110.2564 186.8253 293.9258 267.8453 1.4802 1.6434 3.9924 -8.3766 1.5199 15.2072 -1.5730 11.6678
Car -1 -1 -0.8713 0.0000 187.2328 98.4598 269.0019 1.4655 1.5800 3.9412 -12.8181 1.5142 14.9553 -1.5799 6.9553
Car -1 -1 1.6090 663.1495 180.6455 684.3133 199.0126 1.4664 1.6004 3.7446 5.4597 1.1027 59.3495 1.7007 5.9882
Car -1 -1 -1.2081 351.0120 183.0929 428.6367 223.2298 1.4434 1.5948 3.9003 -8.3801 1.3682 27.8491 -1.5004 5.6554
Car -1 -1 -1.2524 315.0313 165.6947 387.4731 212.4140 2.0830 1.8622 4.7818 -12.2083 1.2138 34.4582 -1.5929 5.5041
Car -1 -1 -1.1738 235.8819 179.4919 326.8675 222.5981 1.5224 1.6163 4.3479 -12.4226 1.3214 27.5785 -1.5970 5.4373
Car -1 -1 -1.5540 542.8874 168.0396 564.4807 189.7799 1.8203 1.7977 4.8516 -4.6872 0.3833 62.6590 -1.6287 2.9980
Car -1 -1 2.0950 231.0676 176.9311 280.8769 197.6280 1.4913 1.5443 4.0274 -26.3075 0.8955 53.8568 1.6407 -0.0871
Car -1 -1 1.9226 406.0016 168.3467 438.1148 184.9733 1.5423 1.6683 4.1030 -17.7526 -0.0228 68.8646 1.6703 -0.1157
Car -1 -1 2.0796 264.9667 177.4371 303.4791 193.4657 1.4769 1.6030 3.9772 -30.6883 0.7613 68.2819 1.6572 -0.7830
