Car -1 -1 -1.7840 715.5637 178.3014 850.6924 270.0746 1.4225 1.5966 3.8224 2.9666 1.5379 13.3244 -1.5649 13.4445
Car -1 -1 -1.2441 305.5356 182.9153 422.1325 256.5232 1.5830 1.5925 3.8091 -6.0178 1.8602 17.9431 -1.5677 12.6984
Car -1 -1 -3.6433 888.9726 148.3979 1137.9752 230.8795 1.6709 1.7292 4.3771 8.4602 1.1759 15.4825 -3.1432 11.0655
Car -1 -1 2.4194 1064.5276 118.6867 1241.0000 278.1888 1.8497 1.6554 4.0941 8.3289 1.2219 9.2181 3.1542 8.8849
Car -1 -1 2.2973 0.0000 211.8227 175.8376 374.0000 1.4117 1.5023 3.4454 -6.0821 1.8848 7.0175 1.5832 8.7801
Car -1 -1 1.8055 433.3567 182.9259 495.3095 223.6083 1.4832 1.6260 3.7394 -5.8467 1.9168 29.1407 1.6075 7.7060
Car -1 -1 1.7485 465.1837 181.1093 511.5072 214.4976 1.4730 1.5617 3.7010 -5.8150 1.8906 34.6075 1.5820 5.9500
Car -1 -1 1.7194 484.2207 179.6448 522.5515 209.1414 1.5021 1.5496 3.6468 -5.8107 1.8906 39.4077 1.5730 5.8070
Car -1 -1 1.1987 455.7509 167.9568 489.4073 186.3545 1.4408 1.5348 3.4133 -11.1634 1.0576 58.3572 1.0097 3.7247
Car -1 -1 1.6833 520.9745 179.5850 548.4733 200.9732 1.4744 1.5737 3.9780 -5.5183 1.9878 52.9898 1.5796 2.6245
Car -1 -1 -0.5154 936.9870 154.5056 1012.6017 178.8560 1.5283 1.6298 4.0423 23.2876 0.3771 46.1953 -0.0484 0.3872
Car -1 -1 1.8299 438.4857 162.4201 477.7722 185.3109 1.5865 1.7020 4.4518 -10.9714 0.8637 52.2715 1.6230 0.1828
Car -1 -1 1.6724 480.7933 168.1871 503.5811 185.7172 1.4725 1.5806 3.7284 -10.1995 1.0809 62.5152 1.5107 -0.2612
