Car -1 -1 -0.5334 811.6271 186.7793 1177.7211 323.4088 1.4910 1.5489 3.7497 4.5488 1.6812 8.9432 -0.0629 12.9545
Car -1 -1 3.7331 0.0000 181.2348 251.8975 297.5427 1.4859 1.6315 4.0069 -7.5543 1.6158 10.2480 3.0979 10.5421
Car -1 -1 -0.4305 753.9108 183.4635 1028.9648 287.2510 1.4709 1.5940 3.7023 4.2458 1.6517 11.3412 -0.0722 7.1468
Car -1 -1 3.5418 7.4942 174.9434 272.1286 271.8054 1.5433 1.5743 3.5445 -8.0772 1.5834 12.6147 2.9723 6.5467
Car -1 -1 0.8778 1028.0977 179.1668 1101.4637 208.3601 1.6723 1.6564 3.9613 27.7963 2.0784 44.2994 1.4382 5.7067
Car -1 -1 3.5107 79.4268 170.9378 320.2332 256.5397 1.6746 1.6817 4.0896 -8.5243 1.6374 15.2323 3.0005 5.6881
Car -1 -1 -1.7933 455.3735 177.9456 495.1007 204.5119 1.6567 1.7050 4.2407 -9.0687 2.0130 48.1525 -1.9794 5.0346
Car -1 -1 -1.5470 1138.0351 187.4112 1193.5288 229.9784 1.4565 1.6222 4.0528 21.7195 2.0678 28.1972 -0.8906 3.5475
Car -1 -1 0.3216 167.7713 179.7347 355.0070 247.4594 1.5250 1.6078 3.7714 -8.3650 1.7019 17.4861 -0.1246 0.5861
Car -1 -1 1.7537 252.5536 155.6389 285.6124 175.7534 1.4747 1.6023 3.8643 -25.9529 0.2129 54.9705 1.3126 -0.4956
