Car -1 -1 -1.9078 481.5103 186.4401 614.0241 269.4984 1.4412 1.5698 3.8600 -1.4990 1.7685 15.2793 -2.0056 13.5104
Car -1 -1 -1.7189 379.9236 180.7483 435.9531 221.5543 1.4767 1.6110 3.7973 -8.2096 1.8166 28.9683 -1.9951 10.7730
Car -1 -1 1.2773 1057.7944 150.2211 1241.0000 240.0101 1.4230 1.5970 4.1092 9.8640 1.0646 13.6348 1.9036 10.0283
Car -1 -1 -2.8692 553.8836 168.1599 648.5221 204.0556 1.5011 1.5964 3.8357 -0.4056 1.3052 31.4348 -2.8821 8.3958
Car -1 -1 -2.2169 627.6480 133.2255 1013.1833 374.0000 1.9777 1.7790 4.3908 1.8919 1.6588 8.1789 -1.9896 7.2157
Car -1 -1 1.7977 184.1950 186.1399 237.4664 218.8024 1.6268 1.6743 4.2463 -22.1111 2.4065 40.0529 1.2933 7.1121
Car -1 -1 1.7341 0.0000 197.0160 123.1179 309.8925 1.5089 1.5849 3.8558 -9.7383 2.0008 12.6030 1.0762 7.1120
Car -1 -1 1.4837 941.3744 156.3044 1043.6334 233.4943 1.4350 1.5672 3.9611 8.0385 1.1277 15.5404 1.9611 6.9796
Car -1 -1 1.8254 0.0000 207.2627 79.6881 374.0000 1.5111 1.6372 4.1844 -7.3850 2.0035 8.0837 1.0852 5.7709
Car -1 -1 -0.4523 562.6041 159.0333 615.1158 176.5260 1.4855 1.6535 4.2925 -1.8577 0.3122 62.9993 -0.4818 -0.3582
