Car -1 -1 1.8685 284.6951 202.9847 458.5332 322.4845 1.4840 1.6014 3.9373 -3.7564 2.0650 11.9280 1.5634 15.7262
Car -1 -1 -1.8425 714.1981 191.3190 887.9623 329.1417 1.6450 1.5933 3.4205 2.6083 1.9666 10.8119 -1.6058 12.6120
Car -1 -1 -1.7664 672.2912 198.1535 779.2705 276.4956 1.4340 1.6169 4.1847 2.4798 2.0949 16.7083 -1.6191 12.4407
Car -1 -1 -2.0612 809.2193 195.0061 1221.2992 374.0000 1.5999 1.5650 3.3397 2.9682 1.8433 6.2120 -1.6155 11.9070
Car -1 -1 1.7944 396.2144 203.0604 496.7220 275.4735 1.4203 1.5784 3.8240 -3.9203 2.2405 17.6641 1.5760 11.5814
Car -1 -1 -1.7294 661.3236 193.0460 735.2155 251.5757 1.5653 1.6641 4.1252 2.6445 2.2634 22.8366 -1.6141 8.0099
Car -1 -1 1.7146 472.8633 197.6838 528.1165 242.1103 1.4683 1.5743 3.9027 -4.2158 2.4991 27.9862 1.5651 7.3369
Car -1 -1 1.7011 439.7842 197.2008 504.9332 254.3376 1.5501 1.5813 3.6042 -4.3482 2.3884 22.9873 1.5141 6.5152
Car -1 -1 -1.6919 653.2023 192.7575 704.5864 238.9729 1.6089 1.5822 3.6212 2.6182 2.4469 28.5287 -1.6004 5.8618
Car -1 -1 -1.7454 620.3566 194.8549 653.0979 219.0781 1.4913 1.6185 3.8706 1.7869 3.0822 50.1320 -1.7098 1.6281
Car -1 -1 -1.1998 869.5822 159.5035 918.8906 183.2358 1.4863 1.6125 4.1450 18.6184 0.6505 47.2544 -0.8244 1.5008
Car -1 -1 -1.9662 427.2464 164.9018 480.1697 197.5843 2.3895 1.9802 5.5825 -12.1344 1.8085 55.6061 -2.1810 -0.4804
