Car -1 -1 1.2892 776.8172 188.3724 947.5679 301.0995 1.5365 1.6322 4.1312 4.0702 1.8508 12.4998 1.6040 14.4793
Car -1 -1 -1.7342 728.1255 187.3392 820.4640 254.3924 1.4481 1.6336 4.1120 4.0487 1.8635 18.5796 -1.5197 12.8891
Car -1 -1 2.2404 0.0000 214.0288 311.9540 374.0000 1.4025 1.4945 3.3000 -2.9027 1.6980 3.5022 1.5483 9.7484
Car -1 -1 1.6515 557.7337 176.5473 596.4360 209.8717 1.5692 1.6341 4.0605 -1.6486 1.7669 36.4883 1.6063 9.4080
Car -1 -1 1.7293 426.2723 160.6970 548.2626 271.1063 1.9399 1.7687 4.4598 -2.3981 1.7267 14.9056 1.5698 8.0286
Car -1 -1 -1.7160 715.3238 185.6384 780.6707 235.4411 1.4564 1.5903 3.7089 4.4501 1.9144 23.9476 -1.5323 7.6670
Car -1 -1 1.7318 486.6629 182.0237 563.3545 243.0048 1.5073 1.5644 3.6803 -2.3397 1.7891 20.2701 1.6169 7.2881
Car -1 -1 -1.6984 684.0856 178.6027 725.8609 213.2891 1.5741 1.5681 3.5262 4.5297 1.8681 35.0900 -1.5700 6.8306
Car -1 -1 -1.7440 696.5652 180.0076 749.5965 221.5504 1.6155 1.6041 3.6060 4.6740 1.9363 30.5022 -1.5920 6.6448
Car -1 -1 -2.0148 917.8480 184.4261 1241.0000 374.0000 1.5581 1.5576 3.4992 3.7750 1.6818 5.8552 -1.4421 5.6376
Car -1 -1 -1.6802 676.8099 177.5865 713.3286 207.4012 1.5832 1.6347 3.8345 4.7324 1.8641 40.8447 -1.5648 0.5861
Car -1 -1 1.4443 730.5830 165.6118 767.9250 192.1324 1.4955 1.6400 4.2896 8.1853 1.0875 42.8772 1.6329 0.2935
