Car -1 -1 1.2191 719.3157 145.4800 897.3710 264.6810 1.7906 1.6960 4.1394 3.2746 1.3797 12.9827 1.4662 14.2706
Car -1 -1 1.8110 306.0480 188.0975 440.3044 278.8571 1.4197 1.5639 3.8520 -4.4381 1.7560 13.9222 1.5024 12.4659
Car -1 -1 1.7402 421.6933 183.8408 490.2035 236.0745 1.4176 1.4858 3.4559 -4.6764 1.7808 22.0737 1.5314 9.4799
Car -1 -1 -1.5620 580.3654 170.8880 607.3724 195.7115 1.4644 1.5932 3.6344 -1.0109 1.3487 44.3894 -1.5848 6.3416
Car -1 -1 1.7195 454.1952 174.2576 512.7427 218.3413 1.6076 1.6806 4.1594 -4.9630 1.6676 28.5424 1.5474 5.1652
Car -1 -1 1.7170 456.5225 156.4707 490.2388 179.6145 1.4844 1.6300 4.1939 -9.1461 0.4340 48.4040 1.5302 3.2603
Car -1 -1 -1.7894 705.5549 136.2900 763.0418 173.0653 1.4756 1.5974 3.9497 5.2165 0.0088 30.9625 -1.6225 1.2799
Car -1 -1 1.6916 555.4260 178.1084 583.8628 199.6015 1.4880 1.6076 4.1024 -2.9568 1.8901 53.0752 1.6359 1.1491
Car -1 -1 -1.6000 616.1810 168.1656 639.6115 189.7957 1.5707 1.6427 4.0218 1.2903 1.2306 54.4074 -1.5763 -0.0181
Car -1 -1 0.8409 0.0000 201.5201 44.1573 326.8675 1.4962 1.6488 4.2429 -10.5528 1.9239 9.8812 0.0226 -0.3748
