Car -1 -1 2.1618 0.0000 203.2351 270.2630 370.6803 1.4652 1.5594 3.5180 -5.7739 1.9068 8.7144 1.5766 13.1400
Car -1 -1 1.9555 309.0137 187.9146 439.1956 259.0952 1.4513 1.6065 4.0630 -5.6519 1.8642 17.6772 1.6460 13.1375
Car -1 -1 1.2422 742.1194 182.5343 905.9246 285.4755 1.4411 1.5396 3.5972 3.3939 1.6310 12.2854 1.5117 12.3348
Car -1 -1 -1.7241 666.7160 176.1615 725.3296 219.9075 1.4894 1.5910 3.7148 3.0700 1.6209 26.7348 -1.6098 11.8463
Car -1 -1 -1.7901 696.6369 180.0796 798.0804 249.7459 1.5102 1.6156 4.0954 3.2654 1.7132 18.1496 -1.6121 11.2270
Car -1 -1 1.7682 458.6734 178.6194 509.2527 214.4430 1.5081 1.5857 3.6170 -5.7050 1.7850 32.7882 1.5960 8.9799
Car -1 -1 -2.4247 996.8936 147.0086 1241.0000 374.0000 1.5744 1.5908 4.0408 3.1927 1.5534 2.6351 -1.5439 5.8193
Car -1 -1 0.6100 25.9710 187.6714 183.4160 240.0954 1.4891 1.5854 3.6340 -15.1826 1.9521 21.7337 0.0003 5.5740
Car -1 -1 -1.7761 658.2302 176.4790 709.8036 212.1526 1.4763 1.5762 3.5672 3.1917 1.6473 32.0923 -1.6770 5.5212
Car -1 -1 1.7035 487.0423 179.5691 525.5814 209.4188 1.4617 1.5411 3.6431 -5.4465 1.8326 37.9830 1.5610 2.2993
Car -1 -1 -1.0629 712.5666 157.4567 765.9257 186.2379 1.6266 1.5965 3.5167 7.6366 0.7568 42.6417 -0.8857 1.9973
Car -1 -1 1.3200 767.9879 163.9692 806.3808 187.0356 1.4669 1.5860 3.7239 11.6476 0.9022 47.7548 1.5592 1.5701
Car -1 -1 -1.6233 636.9715 183.7897 661.7853 205.8658 1.4688 1.5732 3.8645 2.7686 2.2844 51.8514 -1.5700 1.3349
Car -1 -1 1.7354 512.7649 168.6184 540.3190 187.4398 1.4736 1.5915 3.9763 -6.7556 1.1424 58.5161 1.6204 0.5793
Car -1 -1 1.9540 382.4122 163.2858 432.2003 189.5757 1.4545 1.5504 3.5790 -11.7132 0.9255 41.7790 1.6807 0.4309
