Car -1 -1 -1.8787 753.6379 183.7000 941.7433 300.9934 1.5153 1.6410 4.2116 3.5718 1.7253 11.8280 -1.5854 13.2537
Car -1 -1 1.9588 198.0533 189.9731 400.3060 307.4975 1.4759 1.5903 3.8500 -4.7580 1.7960 11.5469 1.5680 12.8674
Car -1 -1 -2.0675 865.3588 182.0704 1241.0000 374.0000 1.5195 1.5653 3.4353 3.6301 1.6253 6.5249 -1.5598 12.6971
Car -1 -1 1.8607 335.8039 186.5907 462.6821 262.0018 1.4528 1.6485 4.3538 -4.7911 1.8162 16.8821 1.5842 12.1043
Car -1 -1 1.7533 490.5300 177.6081 538.6307 214.1257 1.5468 1.5580 3.5143 -4.3236 1.7753 32.8224 1.6223 11.1962
Car -1 -1 -1.7695 721.7875 179.1149 823.9254 255.7130 1.5663 1.5981 3.7257 3.6399 1.7298 16.9308 -1.5577 10.3296
Car -1 -1 2.2396 0.0000 204.4305 247.8100 374.0000 1.4673 1.6040 3.8187 -4.8293 1.8152 6.0226 1.5637 9.7043
Car -1 -1 -1.7192 706.3313 180.0837 777.5073 234.8036 1.5183 1.6121 3.7853 3.9620 1.7626 22.4361 -1.5444 9.6587
Car -1 -1 -1.7355 689.1214 176.7515 747.8623 221.0567 1.5740 1.6185 3.8688 4.0782 1.7357 27.9240 -1.5905 7.6229
Car -1 -1 1.7222 511.5870 177.1626 552.8456 209.8376 1.5863 1.5869 3.7073 -4.0184 1.8214 37.4117 1.6152 7.0552
Car -1 -1 0.2463 444.4373 160.9303 496.7284 181.3306 1.6684 1.6481 3.9844 -11.5796 0.6936 59.9394 0.0555 0.2033
