Car -1 -1 1.3381 740.5468 182.9985 923.7000 320.4365 1.5638 1.6033 3.8307 2.9143 1.7383 10.4398 1.6104 12.5792
Car -1 -1 1.7019 549.6459 168.3091 603.4817 216.4240 1.8100 1.6740 3.9256 -1.3235 1.6393 29.1670 1.6566 12.4089
Car -1 -1 3.3455 404.1911 175.5289 533.9849 220.4754 1.5198 1.6491 4.2293 -4.9231 1.6173 25.3468 3.1536 11.0830
Car -1 -1 -1.6606 693.9196 168.4226 746.2483 217.8488 1.8229 1.6956 3.8210 4.2451 1.6598 28.5642 -1.5131 10.2371
Car -1 -1 1.6138 584.9526 173.4442 619.0269 205.1273 1.5771 1.6248 4.0618 -0.4117 1.6102 38.0455 1.6030 4.3968
Car -1 -1 -3.4792 799.1361 158.4439 959.9347 209.8295 1.4720 1.6320 4.1855 7.8960 1.0596 21.5120 -3.1274 3.1604
Car -1 -1 -1.1517 577.4144 156.7555 614.6925 176.5390 1.4617 1.5654 3.4995 -1.0598 0.2726 55.2227 -1.1709 -0.1683
Car -1 -1 -1.3408 679.8908 176.7532 707.9265 194.4941 1.4751 1.5777 3.9420 7.3416 1.8277 63.0465 -1.2249 -0.2889
Car -1 -1 -1.3876 636.3688 168.1655 658.8499 183.9029 1.4617 1.5346 3.4938 3.5970 1.0266 68.8927 -1.3355 -0.6058
Car -1 -1 1.5446 610.6799 171.4749 636.8200 195.5610 1.5684 1.6602 4.1975 0.8677 1.4789 49.0859 1.5622 -0.6924
