Car -1 -1 1.7896 468.7594 182.0569 540.7974 228.6800 1.4113 1.6018 4.0281 -3.5535 1.7534 24.7244 1.6468 10.4840
Car -1 -1 -1.6093 615.4874 173.3212 657.2446 212.6122 1.5552 1.6104 3.4479 1.0172 1.5763 30.3260 -1.5757 8.5640
Car -1 -1 1.5945 513.1546 176.7814 552.3106 213.2210 1.4759 1.6057 4.1204 -3.3956 1.6609 31.7983 1.4881 4.2066
Car -1 -1 -0.1765 687.0465 167.3759 788.8732 206.8470 1.6311 1.6441 4.0286 5.3363 1.4050 30.6435 -0.0040 2.5901
Car -1 -1 -2.9500 456.9500 161.9434 521.1095 184.8365 1.4589 1.6082 3.8727 -7.8497 0.7639 46.8310 -3.1161 2.5780
Car -1 -1 1.7248 533.6914 157.1158 557.5225 173.3201 1.4633 1.6127 4.0389 -5.9856 0.0424 67.2202 1.6360 2.2529
Car -1 -1 -1.7116 676.1378 163.3748 720.4423 200.9909 1.7961 1.6682 3.9776 4.3632 1.3439 36.4561 -1.5925 1.9115
Car -1 -1 -1.7585 702.8879 176.7356 772.5000 222.7285 1.4880 1.6642 4.2767 4.4301 1.6391 25.8574 -1.5888 1.1739
Car -1 -1 -0.7026 660.7991 145.5466 726.4356 171.4185 1.4648 1.5863 3.7173 4.9348 -0.0880 42.7256 -0.5876 0.8035
Car -1 -1 1.5170 697.9818 152.2232 720.2865 171.4674 1.4832 1.5615 3.8649 7.8978 -0.1147 57.8829 1.6527 -0.2833
Car -1 -1 -2.8254 567.0268 174.5832 620.3295 193.7452 1.5100 1.6112 4.0156 -1.3394 1.6537 58.4525 -2.8483 -0.7396
