Car -1 -1 -1.7586 714.6951 190.8254 839.6148 279.7714 1.3604 1.5300 3.4220 2.8503 1.4760 12.9416 -1.5419 14.2533
Car -1 -1 -1.6967 659.8494 177.3955 721.7413 224.9433 1.5143 1.6328 3.8490 2.7456 1.2664 24.8270 -1.5866 13.6431
Car -1 -1 -1.1032 117.7581 180.9827 290.6701 265.7621 1.5287 1.5643 3.7760 -8.1690 1.4535 14.8722 -1.6055 13.6194
Car -1 -1 -1.2724 273.8686 185.1209 448.2030 299.8597 1.5343 1.5725 3.7149 -3.7655 1.5341 11.4805 -1.5894 12.8057
Car -1 -1 -1.3998 447.0406 178.6213 517.1651 232.5208 1.5640 1.5938 3.5273 -3.9105 1.3737 22.6185 -1.5710 12.4638
Car -1 -1 -1.5642 585.8650 177.1745 611.0340 200.5460 1.5147 1.6313 3.6035 -0.6385 0.9947 48.3928 -1.5774 7.3714
Car -1 -1 -1.3966 480.5274 176.5098 535.4551 217.3445 1.6103 1.6291 3.9996 -4.1768 1.2681 30.3736 -1.5333 7.1668
Car -1 -1 -1.2953 383.4478 179.5274 445.6745 215.0085 1.4674 1.6108 4.0576 -8.4862 1.2333 31.7667 -1.5564 6.9312
Car -1 -1 -1.6885 632.2560 180.0568 662.2030 202.0284 1.4363 1.6012 3.7190 2.6258 1.1002 48.8938 -1.6349 5.5721
Car -1 -1 -1.5472 529.0117 178.6419 551.7527 199.2447 1.4508 1.5697 3.6871 -4.9107 0.9890 52.5106 -1.6404 2.4916
Car -1 -1 -1.3614 459.8305 168.3343 494.8542 192.3331 1.6137 1.6374 3.9043 -9.1011 0.4797 50.3080 -1.5404 1.2202
Car -1 -1 -1.3734 435.8690 176.9292 475.9562 203.1997 1.4589 1.5889 3.6813 -8.7984 0.9998 41.7648 -1.5810 0.9315
Car -1 -1 -1.4887 573.7539 176.9290 596.7621 195.6350 1.4865 1.5764 3.9296 -1.8333 0.8291 59.1223 -1.5197 0.4942
Car -1 -1 1.6015 616.9250 176.5493 637.6314 196.5493 1.6132 1.6092 3.9434 1.6442 0.9153 59.9958 1.6289 0.4016
