Car -1 -1 -2.0302 797.5156 180.2676 1175.3925 374.0000 1.4274 1.6042 4.0440 3.2575 1.5243 7.3440 -1.6127 14.4240
Car -1 -1 -1.7944 701.4379 169.8876 811.7520 247.3286 1.5272 1.5978 3.6739 3.0812 1.4690 16.0895 -1.6052 13.4692
Car -1 -1 1.8365 379.7981 177.1076 462.9934 234.2309 1.5920 1.5797 3.6031 -5.7433 1.7338 22.1871 1.5832 11.9399
Car -1 -1 2.3086 0.0000 203.2156 241.9768 374.0000 1.4590 1.5705 3.8641 -5.6165 1.8465 7.2125 1.6469 10.5375
Car -1 -1 -1.8088 680.7558 172.2650 761.6387 227.2648 1.4928 1.5772 3.4563 3.1553 1.4772 21.3745 -1.6622 8.9538
Car -1 -1 1.7372 430.8302 178.6720 487.6992 220.2235 1.4412 1.5493 3.4826 -5.6748 1.6758 27.2884 1.5322 8.1105
Car -1 -1 0.5561 83.5202 170.4101 228.8091 215.7689 1.4422 1.5723 3.7880 -14.8947 1.3648 23.7329 -0.0043 5.7876
Car -1 -1 -1.1085 245.7273 170.1913 314.6958 201.2352 1.4353 1.5733 3.7097 -16.0580 1.3125 35.2373 -1.5361 1.6582
Car -1 -1 3.5423 211.1827 182.3505 362.2534 227.8932 1.4649 1.6725 4.3667 -10.9084 1.7986 24.4487 3.1226 0.8905
Car -1 -1 -1.6675 677.9931 170.3406 734.6429 214.2126 1.5354 1.6908 4.5235 3.5433 1.4478 27.5358 -1.5396 -0.3564
