Car -1 -1 2.0060 26.5182 204.9501 370.4514 374.0000 1.4143 1.5745 3.9712 -4.0107 1.8503 7.7754 1.5298 13.7568
Car -1 -1 1.0017 834.3711 128.5774 1241.0000 374.0000 1.7165 1.7172 4.4935 3.6572 1.4554 6.5526 1.5107 12.2427
Car -1 -1 1.8112 371.7110 198.5450 480.8316 275.5423 1.3733 1.5021 3.5755 -3.9520 2.0020 15.8523 1.5669 11.9529
Car -1 -1 1.7440 437.1053 183.8651 512.6590 244.0850 1.6424 1.6484 3.8850 -4.1280 2.0135 22.3398 1.5613 10.3499
Car -1 -1 -1.5252 603.9859 182.0634 637.3064 211.3740 1.4292 1.6009 3.7866 0.5718 1.9436 38.3358 -1.5103 6.8878
Car -1 -1 1.7086 463.8933 164.0335 503.3801 192.0670 1.5629 1.7075 4.3351 -7.4032 1.0715 42.4192 1.5359 2.8276
Car -1 -1 1.3674 724.4798 131.1061 778.1440 166.7172 1.4692 1.6127 3.7979 6.2225 -0.2909 32.3327 1.5575 1.2151
Car -1 -1 0.8723 472.1203 180.7865 524.6006 203.9599 1.5591 1.5876 3.8842 -8.0528 2.1485 51.7011 0.7178 0.7436
Car -1 -1 -0.8414 404.7003 160.5623 481.9307 192.3196 1.4847 1.5766 3.8378 -8.2375 0.9104 35.7925 -1.0676 0.3636
Car -1 -1 -1.7933 711.5366 180.0839 806.9553 247.3336 1.5416 1.6225 3.7475 3.7269 1.7498 18.8404 -1.5980 -0.2504
