Car -1 -1 -0.3923 734.1778 185.2726 973.6009 275.6648 1.5135 1.6166 3.8544 4.3342 1.7592 13.2956 -0.0772 13.1603
Car -1 -1 0.4088 78.7322 177.2851 323.4601 262.4247 1.5597 1.6068 3.9099 -7.9960 1.6541 14.3145 -0.1006 11.2133
Car -1 -1 -0.2327 663.7248 179.9379 782.7601 227.5521 1.5115 1.5597 3.6645 3.6863 1.7576 24.1030 -0.0809 9.9610
Car -1 -1 3.7879 0.0000 187.1681 171.5440 339.4357 1.5124 1.6325 3.9197 -7.6071 1.6981 8.3454 3.0488 9.0334
Car -1 -1 3.3789 292.8094 179.3995 430.6286 227.5475 1.5664 1.6709 4.2000 -8.4727 1.8008 24.7746 3.0494 8.6292
Car -1 -1 3.5111 162.0715 185.7829 367.5975 252.7596 1.4403 1.6061 4.0160 -7.9650 1.7591 16.8256 3.0689 8.3962
Car -1 -1 0.4115 221.1417 181.2936 394.2196 240.0192 1.5121 1.6080 4.0444 -8.1915 1.7522 19.6541 0.0167 8.2708
Car -1 -1 3.9357 0.0000 210.2503 61.8911 374.0000 1.4461 1.5786 3.8588 -7.2100 1.8077 6.0254 3.0611 4.0464
Car -1 -1 -1.9034 461.1468 176.8896 493.2014 194.9033 1.4808 1.5857 3.7244 -11.5038 1.8404 62.2212 -2.0862 2.2306
Car -1 -1 1.9691 246.5782 167.4013 293.1107 188.9094 1.4746 1.5968 3.9484 -24.2307 1.1011 51.4724 1.5291 1.5922
Car -1 -1 0.2293 332.3962 171.8721 436.9876 213.0784 1.7799 1.6749 4.1783 -10.0090 1.7379 32.1508 -0.0726 0.8302
Car -1 -1 1.7391 397.0080 157.1218 439.3837 185.3725 1.4787 1.6251 3.9214 -10.5539 0.6556 39.7897 1.4798 0.3439
Car -1 -1 1.9972 302.5053 173.0571 343.0280 191.8733 1.4749 1.5569 3.9707 -23.3060 1.4923 58.6194 1.6188 -0.1431
