Car -1 -1 -2.2168 899.6480 185.3211 1241.0000 374.0000 1.5117 1.5559 3.7266 3.1004 1.6148 4.0761 -1.5665 10.7996
Car -1 -1 -1.8609 651.2176 172.6952 724.9858 220.1655 1.5607 1.6172 3.6421 2.6497 1.5558 25.6586 -1.7580 10.3542
Car -1 -1 -3.2902 809.5880 178.2540 1005.1542 240.9404 1.4239 1.6412 4.2785 7.1543 1.5679 17.8991 -2.9099 9.5897
Car -1 -1 2.3408 0.0000 216.0075 259.7894 374.0000 1.4372 1.5632 3.7260 -3.6392 1.7808 3.8621 1.5851 8.3926
Car -1 -1 -3.5570 1018.7988 170.3146 1241.0000 242.3562 1.5662 1.6203 3.9481 11.9574 1.5113 16.8718 -2.9405 7.7249
Car -1 -1 2.4682 541.5668 172.5518 594.5417 193.6760 1.5660 1.6069 3.9130 -3.2202 1.5439 55.3901 2.4101 6.6921
Car -1 -1 -1.8224 586.1008 173.4332 630.4817 201.2609 1.4782 1.6009 3.7220 -0.1800 1.5127 40.4128 -1.8269 6.0943
Car -1 -1 1.4757 623.2157 171.2650 650.7180 193.1216 1.5212 1.6142 3.9602 1.8878 1.4109 52.2386 1.5118 0.1944
Car -1 -1 -2.1359 327.8965 178.7507 435.4336 226.6701 1.4748 1.6027 3.9716 -7.8658 1.6913 24.5564 -2.4458 -0.1209
Car -1 -1 -1.8504 319.0099 135.5809 386.9088 176.1736 1.6122 1.6573 4.0808 -11.0673 0.1322 30.7945 -2.1954 -0.2938
