Car -1 -1 2.0786 0.0000 196.9897 339.5884 368.0057 1.4302 1.6290 4.2653 -4.9453 1.7956 8.7719 1.5652 14.7499
Car -1 -1 -1.9420 788.2184 183.2027 1058.0052 345.6692 1.4999 1.6322 3.8170 3.4140 1.6541 8.8118 -1.5724 12.7066
Car -1 -1 1.7906 433.4407 180.2050 503.2907 228.2263 1.4753 1.5673 3.6903 -4.7864 1.7454 24.6020 1.5984 12.2623
Car -1 -1 -1.8161 741.2241 179.9098 867.8009 269.7771 1.5236 1.5727 3.4865 3.6382 1.6804 14.2512 -1.5662 11.9929
Car -1 -1 -1.7959 704.5334 178.8392 797.1017 241.8406 1.5203 1.6224 3.9397 3.6910 1.7014 19.7904 -1.6116 11.8788
Car -1 -1 -2.3579 942.5058 195.6640 1241.0000 374.0000 1.5204 1.5673 3.9743 3.4678 1.7047 3.7957 -1.6177 9.8978
Car -1 -1 1.7917 465.9218 178.7031 525.7318 218.9733 1.4910 1.6051 3.7579 -4.5871 1.7437 29.1985 1.6358 9.4759
Car -1 -1 -1.7335 697.4727 177.9412 761.2122 225.0625 1.5085 1.6072 3.7471 4.0709 1.7010 25.3771 -1.5745 8.1075
Car -1 -1 0.8036 0.0000 174.5147 110.1609 228.6863 1.4703 1.5890 4.0970 -16.8782 1.5206 20.6758 0.1190 4.1599
Car -1 -1 -1.7274 730.7360 163.0621 763.5570 186.6964 1.4575 1.5579 3.3239 8.7076 0.8540 46.1768 -1.5410 2.8235
Car -1 -1 -2.2016 0.0000 200.3978 98.6674 374.0000 1.5190 1.6457 4.2086 -6.1208 1.7367 4.7965 -3.1077 2.2212
Car -1 -1 -1.7273 756.9059 163.2851 789.2738 187.4069 1.6410 1.6297 3.9738 11.4805 0.9904 51.1175 -1.5064 -0.2472
