Car -1 -1 -1.9111 639.5586 195.1321 823.3724 311.4411 1.3945 1.6114 3.8848 1.6612 1.8137 11.5009 -1.7677 13.3580
Car -1 -1 -1.7096 528.3137 187.1023 587.8511 232.0368 1.4355 1.6365 3.8822 -2.0168 1.9988 26.4321 -1.7858 11.0451
Car -1 -1 1.8853 15.4101 205.1271 239.9359 347.7994 1.5177 1.6031 3.8095 -6.8524 2.0858 10.6445 1.3133 9.6769
Car -1 -1 1.7491 348.3298 190.3287 391.7709 222.6229 1.6118 1.6387 3.8746 -13.3584 2.6362 40.2447 1.4286 9.3555
Car -1 -1 2.0646 0.0000 221.9440 132.1829 374.0000 1.4709 1.6196 4.1206 -5.6289 2.0204 5.8669 1.2999 9.3163
Car -1 -1 -2.8786 719.0653 171.7650 833.0780 214.5209 1.5172 1.6146 3.9090 6.2088 1.4789 27.2297 -2.6544 8.0230
Car -1 -1 -1.6409 517.7713 184.0275 560.8174 223.9390 1.6032 1.6341 3.7403 -3.2342 2.1310 32.0720 -1.7414 7.0957
Car -1 -1 1.7068 366.1896 189.1779 403.3608 217.8284 1.6074 1.6706 4.1928 -14.0845 2.6803 45.1977 1.4047 2.2489
Car -1 -1 -0.9712 333.9420 179.5761 378.1780 197.7004 1.4891 1.6166 4.1029 -22.1743 2.0978 63.0965 -1.3091 0.6598
Car -1 -1 -1.8236 289.3976 185.8274 324.6503 207.2815 1.4600 1.5734 3.4794 -22.3937 2.4506 53.2099 -2.2219 -0.0945
