Car -1 -1 1.8355 203.4795 190.8562 456.8372 371.5256 1.4892 1.6439 4.1215 -2.9737 1.7540 8.4811 1.4983 14.3468
Car -1 -1 1.7472 375.5049 167.3038 501.1441 271.0641 1.7555 1.6927 4.1572 -3.2750 1.6619 14.3216 1.5223 10.4693
Car -1 -1 1.7836 448.5451 169.6468 543.2920 240.2711 1.7117 1.6897 4.1644 -3.0163 1.6343 19.6140 1.6310 10.2716
Car -1 -1 -1.2373 644.3302 168.7480 695.0246 200.3437 1.5510 1.5822 3.4149 3.0916 1.3498 37.2976 -1.1546 6.1837
Car -1 -1 -1.3501 616.8774 162.0732 643.6901 179.6940 1.4872 1.5669 3.6934 1.7759 0.5777 62.8775 -1.3219 1.3063
Car -1 -1 -1.7308 730.4978 171.9995 784.6451 211.1228 1.5224 1.6118 3.7593 6.0199 1.4896 29.9843 -1.5326 0.6898
Car -1 -1 -1.1918 458.7770 151.0322 508.0564 177.2028 1.5023 1.6020 3.8844 -7.6027 0.2500 43.4821 -1.3649 0.3006
Car -1 -1 -1.6398 694.5188 169.9630 741.0774 209.9490 1.5714 1.6465 4.1543 4.4451 1.4582 30.4867 -1.4950 -0.2588
Car -1 -1 -0.4132 734.6813 176.0704 868.2578 221.8466 1.4825 1.6288 4.1022 6.4520 1.5978 24.6486 -0.1572 -0.5333
Car -1 -1 2.8258 238.9032 134.2372 412.4283 205.2484 1.5282 1.5877 3.5472 -6.7925 0.6975 17.2671 2.4510 -0.7505
