Car -1 -1 -1.2687 314.5555 187.5398 444.0944 266.9954 1.4457 1.5638 3.5631 -4.6435 1.5009 14.9622 -1.5696 13.6420
Car -1 -1 -0.9815 47.9215 184.8009 205.4369 248.0010 1.5448 1.6271 3.9512 -12.9125 1.5358 19.5470 -1.5653 11.7142
Car -1 -1 -1.3729 427.4658 180.6024 505.9895 231.4663 1.4905 1.6521 4.4020 -4.4875 1.3564 23.2684 -1.5635 11.4584
Car -1 -1 -1.1215 226.1684 184.6785 357.4273 246.4345 1.4774 1.6246 3.9986 -8.3168 1.4656 19.2241 -1.5298 10.8321
Car -1 -1 -1.5830 574.3985 174.9769 659.3068 257.1990 1.6415 1.6958 4.1363 0.1236 1.4383 16.4200 -1.5755 9.1452
Car -1 -1 -0.7878 0.0000 188.4555 52.2279 297.8931 1.5312 1.6873 4.5624 -12.3050 1.5988 12.4741 -1.5663 8.3941
Car -1 -1 1.6014 637.2071 179.0555 659.1226 198.5481 1.4823 1.6078 3.9424 3.2006 1.0150 56.6961 1.6578 6.0871
Car -1 -1 -1.5890 546.3929 169.8868 566.1503 190.5027 1.8735 1.7656 4.7361 -4.8914 0.4816 67.7597 -1.6611 1.3737
Car -1 -1 -0.8924 0.0000 191.1414 66.9998 258.1836 1.4750 1.5904 3.9570 -15.9448 1.6426 18.1773 -1.6124 1.0000
Car -1 -1 0.2599 348.8120 168.6031 431.5961 199.4252 1.5682 1.6344 3.8384 -11.3153 0.7241 37.4519 -0.0335 0.0015
