Car -1 -1 -1.3920 366.0350 179.5094 479.1767 266.6571 1.5856 1.6187 3.8211 -3.7675 1.4829 15.0358 -1.6375 14.6906
Car -1 -1 -1.2097 202.2373 188.2522 329.2063 251.1604 1.4164 1.5963 4.0666 -8.6517 1.5044 18.4716 -1.6477 13.5386
Car -1 -1 -1.0429 35.2930 159.8091 207.8080 248.9461 2.1670 1.8514 4.6071 -13.1738 1.5504 19.8257 -1.6294 11.1267
Car -1 -1 -1.5676 537.5032 176.4807 586.7928 223.6116 1.5661 1.6380 3.6602 -1.6707 1.2770 25.7594 -1.6324 10.3555
Car -1 -1 -1.3068 324.6074 180.9789 398.3238 224.1216 1.5515 1.6712 4.2087 -9.5224 1.4003 28.0008 -1.6346 8.1265
Car -1 -1 -0.8591 0.0000 198.9407 81.0001 375.0000 1.4901 1.6826 4.4942 -7.7716 1.6764 7.3742 -1.6707 8.0233
Car -1 -1 -1.4077 408.3306 183.6442 480.2062 236.8757 1.5518 1.6236 3.8740 -5.1595 1.5071 22.9336 -1.6290 4.5438
Car -1 -1 -1.2922 311.2929 180.8949 359.8376 210.3494 1.5971 1.6315 3.6870 -15.4438 1.3640 40.8796 -1.6535 4.0639
Car -1 -1 -1.5439 589.1197 175.1456 611.6876 196.2216 1.5438 1.6111 4.0258 -0.5450 0.8073 54.6789 -1.5539 0.9596
Car -1 -1 3.3901 366.9106 162.3253 443.3725 190.8514 1.6013 1.6432 3.9385 -11.6011 0.3175 41.2222 3.1157 0.1383
Car -1 -1 -1.4593 592.6999 167.3350 623.0961 191.3179 1.5310 1.6067 3.8677 0.0258 0.3907 47.8988 -1.4587 0.0390
Car -1 -1 1.6794 532.0207 175.7964 556.6878 195.4508 1.5613 1.5967 4.0197 -5.1946 0.8142 59.1262 1.5918 -0.7509
