Car -1 -1 0.5898 0.0000 182.8328 357.2417 299.3955 1.4915 1.6510 4.4044 -6.1633 1.6478 10.3292 0.0518 13.6610
Car -1 -1 -1.6787 662.1353 177.0446 717.6011 221.2138 1.4292 1.5636 3.4320 2.7004 1.5870 25.3885 -1.5727 12.1914
Car -1 -1 -1.8299 715.7971 172.8548 871.8840 291.6445 1.6224 1.5559 3.3720 2.7132 1.6227 11.5592 -1.5994 11.7343
Car -1 -1 -0.1277 709.4756 172.2339 814.7623 211.6703 1.6136 1.6584 4.1739 6.3191 1.5886 30.5070 0.0765 10.4510
Car -1 -1 0.3284 321.6434 177.9657 469.2271 231.3011 1.4563 1.5432 3.7645 -6.1349 1.6094 20.7081 0.0404 10.2356
Car -1 -1 -2.3774 914.6328 196.8818 1241.0000 374.0000 1.5267 1.5333 3.8639 2.6634 1.6796 2.6341 -1.5864 8.5853
Car -1 -1 0.2634 353.7306 175.0863 498.6140 224.1369 1.4940 1.6191 4.1777 -5.8007 1.5678 22.8919 0.0153 8.3489
Car -1 -1 0.2857 387.8584 171.6049 507.6383 214.5031 1.5945 1.6549 4.2041 -6.2328 1.5484 27.7783 0.0650 7.7501
Car -1 -1 0.4651 112.4679 173.4524 388.3153 270.4172 1.6141 1.6519 4.1001 -6.3099 1.6258 12.8632 0.0091 7.5459
Car -1 -1 3.5054 231.8108 179.7415 413.0970 242.0780 1.4676 1.6066 3.8841 -7.1177 1.6477 17.9961 3.1287 7.3378
Car -1 -1 3.8119 0.0000 184.4078 216.3651 374.0000 1.5559 1.6373 3.8192 -5.4962 1.6626 5.6314 3.0387 5.2087
Car -1 -1 -1.6139 630.4628 174.5374 651.8839 192.9921 1.4547 1.5840 3.8645 2.5036 1.5976 59.1580 -1.5716 4.3950
Car -1 -1 0.1056 504.9421 172.2170 557.1442 194.2085 1.6847 1.6521 3.8835 -6.1351 1.6362 56.1039 -0.0033 2.5972
Car -1 -1 1.8390 380.1589 156.3473 415.9251 178.0967 1.5405 1.5850 3.7477 -15.5479 0.3717 52.9904 1.5536 2.2535
Car -1 -1 1.7106 514.8099 175.1071 549.6006 199.4843 1.4742 1.6484 4.1634 -4.9561 1.6252 46.1299 1.6036 1.5399
Car -1 -1 -1.4430 543.4353 168.4046 565.3129 184.6758 1.4950 1.5829 3.8903 -5.2530 1.0865 68.2737 -1.5198 0.9712
Car -1 -1 0.0563 502.4599 173.4210 553.0985 193.4797 1.4602 1.5821 3.6461 -6.0887 1.5032 53.4656 -0.0571 0.8361
Car -1 -1 0.1242 449.1350 161.6191 525.5785 190.9571 1.6812 1.7036 4.2394 -7.1723 1.0377 42.2875 -0.0438 -0.2783
Car -1 -1 1.9217 341.4725 163.2588 382.5517 184.1927 1.4739 1.6108 3.8638 -18.1025 0.7987 52.7458 1.5911 -0.6315
Car -1 -1 -0.4944 885.0444 152.1404 1170.9854 240.5137 1.9873 1.9081 5.6975 9.7359 1.5218 17.2332 0.0199 -0.8077
