Car -1 -1 -1.7070 630.2114 179.5757 689.4400 223.9571 1.4990 1.6464 4.2373 1.7508 1.7730 27.1981 -1.6427 12.8449
Car -1 -1 -0.4918 808.7628 191.2378 1121.2437 289.4813 1.4190 1.6191 4.2894 5.5399 1.7402 11.6740 -0.0488 11.0839
Car -1 -1 3.8042 0.0000 184.2241 191.4284 355.5408 1.5413 1.6378 3.7807 -6.8248 1.6759 7.5665 3.0703 9.4494
Car -1 -1 2.5035 900.5835 181.3795 1241.0000 328.5198 1.5852 1.5983 4.0038 5.8037 1.7001 8.7820 3.0875 9.3684
Car -1 -1 -2.8349 273.6451 182.5546 443.7617 233.7441 1.4271 1.6322 4.4631 -7.3692 1.7258 21.3176 -3.1677 8.5585
Car -1 -1 3.4047 334.2930 181.8650 468.9499 230.5870 1.5346 1.6093 4.0000 -6.8618 1.8435 23.8713 3.1248 8.5525
Car -1 -1 0.5858 0.0000 151.5943 279.4791 300.2169 1.8820 1.7665 4.5854 -7.3920 1.6131 10.1196 -0.0451 8.3900
Car -1 -1 -0.8623 1060.6304 189.5244 1241.0000 374.0000 1.5296 1.6484 3.9771 6.3655 1.6986 6.3308 -0.0742 6.9944
Car -1 -1 -1.6144 615.9746 179.7290 645.1827 206.1596 1.4511 1.5521 3.5329 1.1375 1.8716 42.3160 -1.5875 2.3581
Car -1 -1 -0.3674 789.4601 169.7067 1025.4104 265.0738 1.7342 1.6473 3.8883 5.5679 1.6773 13.9647 0.0120 -0.2112
