Car -1 -1 2.0671 92.9951 198.7708 321.0213 317.9285 1.4681 1.5862 3.6740 -6.2018 1.9486 11.5259 1.5735 14.1824
Car -1 -1 -1.7129 687.7115 179.6986 777.1303 250.3692 1.5421 1.6390 3.8973 2.8983 1.7326 18.0838 -1.5540 11.8845
Car -1 -1 2.7303 818.9676 156.7179 1002.7146 219.0521 1.6733 1.7266 4.4484 8.3056 1.2405 20.2794 3.1190 10.8835
Car -1 -1 -1.2797 366.7076 184.7458 457.6588 241.1692 1.5441 1.6397 4.1092 -6.1404 1.9527 22.6937 -1.5440 10.2821
Car -1 -1 -3.7881 987.6016 155.5611 1241.0000 268.7244 1.5814 1.6631 4.2465 8.2186 1.3401 10.9142 -3.1427 10.2157
Car -1 -1 2.5893 911.0026 143.3383 1179.6198 242.8563 1.8217 1.6989 4.2412 8.3049 1.2818 14.0968 3.1217 8.6329
Car -1 -1 1.7424 455.2591 184.8352 504.4532 219.3493 1.4574 1.6183 3.9475 -6.0719 2.0522 33.8173 1.5648 8.3984
Car -1 -1 1.7301 476.3921 182.4983 518.1347 212.8119 1.5141 1.6349 3.9909 -6.1203 2.0666 39.3077 1.5757 5.9580
Car -1 -1 -2.0609 976.5261 144.9882 1034.6587 168.3536 1.4818 1.6183 4.2628 26.5966 -0.3169 48.7200 -1.5612 3.5451
Car -1 -1 1.6932 493.3915 182.0942 526.8425 208.3475 1.4864 1.5793 3.7483 -6.0893 2.0752 44.0629 1.5559 2.7084
Car -1 -1 1.6932 521.7060 181.4694 547.5642 201.4237 1.4847 1.5713 4.0121 -5.9897 2.1951 57.4469 1.5893 2.3004
Car -1 -1 -1.7441 710.1447 166.3770 744.7292 190.4444 1.5050 1.5894 3.7746 7.5763 1.1003 47.0137 -1.5844 2.1880
Car -1 -1 1.6472 486.2752 172.1728 507.5417 188.6061 1.4852 1.6598 4.0101 -10.5329 1.4240 67.2730 1.4918 1.4519
Car -1 -1 1.8872 314.6327 186.7809 424.2735 257.3199 1.5970 1.6413 3.7229 -6.2186 1.9987 18.9301 1.5698 1.0987
Car -1 -1 -2.1777 951.5682 146.8657 1018.0298 170.5671 1.5015 1.6833 4.5142 25.0694 -0.1608 48.5061 -1.7006 0.6101
Car -1 -1 1.8043 429.2288 176.4201 464.7383 199.3152 1.4641 1.5359 3.6154 -10.9490 1.7133 48.5213 1.5823 0.0582
Car -1 -1 1.8378 172.9682 165.1347 263.7111 216.4300 1.5579 1.6515 4.0112 -12.9678 1.3239 24.0520 1.3433 -0.7291
Car -1 -1 -1.6394 634.5205 176.6434 658.4921 197.5578 1.5885 1.6360 3.9352 2.8522 1.9012 57.4999 -1.5898 -0.7711
