Car -1 -1 1.4562 638.3075 181.5238 708.1837 238.3501 1.4725 1.5835 4.0139 1.7287 1.7538 21.3465 1.5370 12.6054
Car -1 -1 -0.9439 0.0000 213.2639 349.0649 374.0000 1.4245 1.5262 3.5977 -3.0477 1.7677 4.3119 -1.5592 10.8445
Car -1 -1 1.6921 522.9311 173.8889 563.1742 207.8984 1.7654 1.7107 4.1904 -3.6617 1.8257 39.7000 1.6001 10.2540
Car -1 -1 -0.3583 879.7762 172.3166 1103.3999 254.1507 1.6428 1.6399 3.9261 8.0002 1.6323 15.5259 0.1175 8.1370
Car -1 -1 3.3132 422.7167 179.8749 510.1319 211.8814 1.5189 1.6347 3.9970 -7.0473 1.8730 35.4851 3.1171 5.9336
Car -1 -1 -1.6174 630.3776 172.7865 664.4204 205.3281 1.6870 1.6607 4.0331 1.9600 1.6838 39.4209 -1.5677 4.4441
Car -1 -1 1.6730 554.8121 178.1250 583.9437 201.5897 1.4822 1.5673 3.8697 -2.7186 1.8507 48.4279 1.6169 2.5032
Car -1 -1 0.0023 692.3031 173.7593 782.6838 209.3037 1.5362 1.6177 3.8953 5.6598 1.5786 32.3760 0.1754 1.6696
Car -1 -1 -1.7192 705.3935 177.8271 762.4869 224.0018 1.6272 1.6223 3.6224 4.6334 1.8306 27.6419 -1.5532 -0.6357
Car -1 -1 -1.5079 535.3064 152.8273 560.3863 175.9286 1.7678 1.7177 4.4008 -4.9337 0.2356 57.4329 -1.5936 -0.7075
