Car -1 -1 -1.7851 703.0069 184.8825 831.8824 277.2996 1.4501 1.5893 3.6519 2.7622 1.7085 13.6344 -1.5852 14.4496
Car -1 -1 0.5492 74.8268 177.5716 360.9740 281.0396 1.6024 1.6407 3.9819 -6.5377 1.6886 12.1890 0.0569 13.0113
Car -1 -1 -1.6794 658.5605 174.9099 720.6003 228.5084 1.6730 1.6669 3.9466 2.5892 1.7492 24.6472 -1.5748 10.5729
Car -1 -1 -2.7857 231.6807 163.3283 439.0050 247.7441 1.9006 1.7591 4.2550 -6.4436 1.6865 17.1302 -3.1455 9.5145
Car -1 -1 -2.3446 0.0000 180.7754 157.2656 355.7166 1.5230 1.6064 3.5731 -6.8682 1.6123 7.2265 -3.1045 7.3052
Car -1 -1 0.2458 329.0929 179.1517 471.4257 231.8881 1.5295 1.5896 3.8970 -6.3553 1.7294 21.9935 -0.0355 6.2223
Car -1 -1 0.3274 283.5209 178.0498 458.8751 237.6253 1.5348 1.6314 4.2153 -6.4287 1.6822 19.5687 0.0099 5.1516
Car -1 -1 3.3312 372.7458 175.6672 488.1148 225.9448 1.6545 1.5969 3.6021 -6.1297 1.7548 24.7346 3.0882 5.0073
Car -1 -1 -1.6905 638.4766 175.6780 676.3028 208.3106 1.7042 1.6453 3.7271 2.5387 1.8682 39.9150 -1.6270 4.8156
Car -1 -1 0.0599 494.2662 179.1771 551.9404 201.1094 1.5048 1.6232 3.9558 -6.1301 1.9600 50.9673 -0.0598 3.4486
Car -1 -1 1.8297 290.6176 144.9493 331.6675 168.8322 1.4537 1.5731 3.5992 -19.2138 -0.2690 46.4393 1.4374 2.3425
Car -1 -1 1.3170 778.8318 151.8063 813.8850 172.7506 1.5628 1.6587 4.0475 14.3587 -0.0079 55.8807 1.5685 2.0128
Car -1 -1 3.2458 424.8456 178.1681 504.1602 210.1995 1.4441 1.5303 3.4986 -6.7965 1.6999 33.7601 3.0472 1.7992
Car -1 -1 -1.6743 649.2006 175.1471 700.1424 220.0627 1.7413 1.6943 4.1157 2.5984 1.8444 30.2536 -1.5887 0.0795
Car -1 -1 -0.1722 760.8084 160.5498 823.6889 182.3348 1.5094 1.6332 4.0838 12.7999 0.6572 50.9535 0.0740 -0.5304
