Car -1 -1 -1.2952 303.1238 177.4622 483.2071 302.5155 1.6082 1.6507 4.0188 -3.2390 1.6944 11.4341 -1.5712 14.7670
Car -1 -1 -1.8057 715.2304 180.9089 877.6374 286.9474 1.4390 1.6418 4.2251 2.8701 1.5995 12.2266 -1.5752 13.8543
Car -1 -1 1.7368 436.6311 183.3235 517.1999 240.2632 1.4556 1.6491 4.3245 -3.8758 1.7983 21.4147 1.5578 11.2913
Car -1 -1 -1.7002 669.9479 177.5398 742.0651 235.5378 1.4830 1.5710 3.4613 2.5891 1.6275 20.4602 -1.5744 11.2343
Car -1 -1 -2.1426 828.9735 184.7020 1241.0000 374.0000 1.5215 1.6029 3.9517 2.6249 1.6228 4.1624 -1.5800 9.6678
Car -1 -1 -1.5914 644.7719 176.3179 686.3110 215.4864 1.5491 1.6629 4.2374 2.2987 1.7090 31.0754 -1.5176 5.8466
Car -1 -1 3.2832 441.6964 175.1625 521.1663 207.8457 1.6775 1.6408 3.9340 -6.7672 1.8024 38.0441 3.1072 4.7645
Car -1 -1 1.3970 701.6675 155.8940 738.1452 182.2225 1.5331 1.5767 3.6486 6.6017 0.5459 43.8542 1.5464 2.0515
Car -1 -1 -1.9916 891.3723 167.2317 1076.2986 256.2986 1.4656 1.6194 3.9903 6.8901 1.3735 13.8959 -1.5313 1.1649
Car -1 -1 -1.5871 629.7351 170.9025 657.8561 200.8029 1.8172 1.7084 4.2722 2.0835 1.6989 46.0084 -1.5418 -0.4649
Car -1 -1 -1.5817 621.6619 174.8300 639.2734 193.2711 1.7117 1.6450 3.9882 1.9272 1.9076 69.4080 -1.5539 -0.6165
