Car -1 -1 -1.7398 682.0150 185.7153 784.9126 258.4836 1.3964 1.6124 4.2521 2.6631 1.7331 16.7331 -1.5819 13.7026
Car -1 -1 0.5776 0.0000 176.4074 322.4608 316.8138 1.5417 1.6452 4.3167 -6.0633 1.5899 8.8377 -0.0237 13.5907
Car -1 -1 0.4808 115.2640 179.2013 374.3882 263.8532 1.4671 1.5526 4.0500 -6.7191 1.5928 13.4346 0.0170 10.7974
Car -1 -1 -0.2051 760.9941 181.7519 891.2247 230.2707 1.3774 1.5365 3.5114 6.3779 1.6568 21.7204 0.0805 9.7812
Car -1 -1 0.2575 280.9433 180.7983 468.0593 242.2508 1.4491 1.5777 4.2112 -5.8556 1.6592 18.1474 -0.0546 8.7885
Car -1 -1 -0.1396 671.1293 178.0166 735.5133 201.5695 1.4513 1.5799 3.8533 5.8354 1.7839 45.6271 -0.0124 7.5444
Car -1 -1 3.3139 382.0290 175.8361 499.1829 215.1062 1.4858 1.6004 4.2722 -6.6261 1.6072 28.3589 3.0843 7.1686
Car -1 -1 3.2529 415.9971 177.0342 518.3012 212.5778 1.4479 1.6316 4.1015 -6.0313 1.6313 30.6055 3.0583 6.3716
Car -1 -1 0.5176 0.0000 165.4364 300.1465 279.0216 1.6244 1.5942 3.7343 -7.0696 1.5187 11.1974 -0.0456 5.3924
Car -1 -1 -1.7616 852.5224 169.4315 886.6940 192.2767 1.5740 1.6145 3.7518 18.5223 1.3385 51.6856 -1.4175 2.7916
Car -1 -1 3.2788 477.7846 176.0139 543.6256 200.2223 1.4893 1.6047 3.9225 -6.2436 1.6920 45.3991 3.1422 1.5294
Car -1 -1 1.5037 700.9390 164.9960 720.0371 180.2580 1.4737 1.6122 3.9779 9.9442 0.7153 71.7093 1.6415 1.3934
Car -1 -1 0.3425 301.0381 145.0373 496.5908 228.0435 2.2761 1.8886 5.0939 -6.0521 1.5137 20.8792 0.0604 0.2325
Car -1 -1 -0.0735 666.4510 155.7134 710.0014 173.0395 1.4654 1.5171 3.6075 6.6583 0.0160 61.8435 0.0337 -0.7434
