Car -1 -1 2.0990 0.0000 188.1967 292.9105 345.6974 1.6378 1.6626 4.3460 -6.2423 1.9000 10.1201 1.5463 12.7978
Car -1 -1 1.9314 250.8527 180.7691 389.9127 264.2853 1.6497 1.6541 3.9882 -6.5347 1.8545 16.6350 1.5571 12.0118
Car -1 -1 1.6782 500.1068 180.7114 546.5043 216.0789 1.4742 1.6657 4.3207 -3.9600 1.8598 33.2066 1.5595 9.5904
Car -1 -1 1.8055 394.6856 186.5028 463.9984 229.5835 1.4287 1.6322 4.0860 -6.7746 1.9839 27.2753 1.5620 7.4478
Car -1 -1 -1.6251 627.3973 175.1776 654.4407 199.5917 1.5874 1.6341 3.7027 2.0410 1.7520 49.1280 -1.5836 5.3751
Car -1 -1 -1.9508 867.1267 155.7044 909.7017 177.2171 1.5068 1.6147 3.7194 20.1402 0.3060 52.4062 -1.5839 5.2445
Car -1 -1 1.7409 475.3364 181.9156 513.5596 209.2033 1.4707 1.5874 3.7503 -6.7149 2.0225 42.0220 1.5824 4.6087
Car -1 -1 -2.1549 1067.5716 151.4233 1193.4101 196.4770 1.4529 1.6292 3.9941 18.0239 0.7621 25.2894 -1.5356 4.5048
Car -1 -1 -3.2969 705.0151 171.0404 778.1288 196.6231 1.4603 1.6060 3.9872 7.5880 1.3571 42.0332 -3.1183 3.5016
Car -1 -1 2.9465 697.6835 163.3282 771.5004 194.0135 1.8823 1.7159 4.3006 7.7269 1.2983 45.1700 3.1159 1.9586
Car -1 -1 2.4923 1089.7951 139.5802 1193.9477 168.9652 1.4521 1.6246 4.1254 26.9770 -0.2021 36.7214 3.1259 1.6207
Car -1 -1 -1.1829 279.2503 172.4475 335.7892 200.1758 1.5492 1.6455 4.0632 -17.7086 1.5269 42.3488 -1.5790 0.5298
