Car -1 -1 -1.9029 764.8805 180.0265 1024.0727 345.9647 1.4922 1.6007 3.7132 2.9660 1.5957 8.5059 -1.5674 13.2548
Car -1 -1 1.9353 224.1845 185.1177 427.5637 314.3899 1.6435 1.6512 4.0509 -4.3317 1.8753 11.5866 1.5775 13.0918
Car -1 -1 -1.8380 709.2427 177.7623 843.9728 267.4824 1.5330 1.6043 3.9857 3.1352 1.6464 14.5824 -1.6262 12.7546
Car -1 -1 2.1651 0.0000 184.8894 281.1811 374.0000 1.6815 1.5972 3.7352 -4.4200 1.8148 6.0729 1.5359 10.2675
Car -1 -1 -1.5975 504.0387 185.0235 530.6396 209.2915 1.4360 1.5995 3.7596 -6.0560 2.2569 46.6617 -1.7266 5.6419
Car -1 -1 -1.7966 579.2767 180.6665 606.8406 198.9940 1.4987 1.6088 3.6653 -1.5230 2.1989 62.6585 -1.8209 5.0406
Car -1 -1 -1.6772 656.9515 176.0392 706.0682 219.1948 1.6476 1.6146 3.6684 2.8358 1.7870 29.6586 -1.5819 4.6902
Car -1 -1 -1.7191 625.4449 178.4218 658.8308 206.3767 1.6097 1.5503 3.3350 1.8894 1.9628 43.9769 -1.6762 4.1660
Car -1 -1 -1.6978 649.0897 177.3560 693.1278 213.0902 1.6171 1.6478 3.8604 2.8777 1.8489 35.1109 -1.6160 1.5978
Car -1 -1 1.7591 481.4633 184.0625 514.2902 206.8596 1.5069 1.6176 3.9177 -8.0076 2.3401 51.6280 1.6052 -0.1322
Car -1 -1 -1.7658 609.2131 177.5669 643.4196 200.8436 1.5494 1.6490 4.1035 1.0816 1.8974 51.0651 -1.7446 -0.3317
