Car -1 -1 -1.2460 255.7890 189.2178 421.7654 279.6047 1.4400 1.6577 4.3061 -4.9675 1.5301 13.8102 -1.5912 14.8443
Car -1 -1 -1.0625 93.2161 190.4260 266.7597 271.5260 1.4484 1.5113 3.5957 -8.6866 1.5706 14.8804 -1.5909 12.9680
Car -1 -1 -0.8314 0.0000 200.9548 100.2875 375.0000 1.4852 1.6234 4.2149 -7.6610 1.7003 7.6259 -1.6191 9.3824
Car -1 -1 -1.3159 370.5327 180.4077 439.6934 222.6710 1.6705 1.7254 4.6502 -8.5925 1.4816 30.7495 -1.5884 8.5201
Car -1 -1 -1.1357 202.9082 181.1987 308.8795 234.0547 1.6038 1.6452 3.9146 -11.5370 1.4830 23.7788 -1.5874 7.8084
Car -1 -1 -1.5633 570.9173 180.9248 601.1262 207.9793 1.4656 1.6366 3.8587 -1.2517 1.2343 40.8869 -1.5939 6.1598
Car -1 -1 -1.2868 321.2179 178.8459 400.5804 227.4721 1.5222 1.5674 3.7032 -8.3117 1.3239 24.3841 -1.6153 5.6375
Car -1 -1 -1.4673 495.8722 181.8328 533.8980 211.1529 1.4850 1.6141 3.9777 -4.9398 1.3148 38.4122 -1.5952 4.4131
Car -1 -1 -1.4096 440.6389 153.5895 516.1610 225.0257 2.4012 1.9542 5.1315 -4.7156 1.3393 26.7376 -1.5842 1.9267
Car -1 -1 -1.1105 267.0774 186.4128 317.0660 207.6050 1.4784 1.6360 4.2328 -23.0216 1.5706 52.5411 -1.5235 0.7865
Car -1 -1 1.5829 601.7015 188.0521 622.3654 207.2735 1.4813 1.6105 4.1079 0.3545 1.7197 58.0721 1.5890 0.5657
Car -1 -1 -1.3092 385.7414 170.7394 414.7112 187.6025 1.4684 1.5851 3.7393 -18.5863 0.2090 64.4756 -1.5899 -0.6436
