Car -1 -1 2.0508 96.4575 204.6107 317.7940 312.3943 1.3967 1.6064 4.1707 -6.8109 2.0474 12.6777 1.5578 13.7763
Car -1 -1 1.8216 313.8344 187.7440 468.8484 290.8681 1.5088 1.6845 4.3269 -3.8705 1.8304 13.3745 1.5399 13.0056
Car -1 -1 -1.6191 639.5822 177.8087 678.6356 213.3007 1.5638 1.6537 3.8781 2.2420 1.8130 34.2864 -1.5538 9.4325
Car -1 -1 1.7668 432.9676 189.0018 508.1336 244.7028 1.4497 1.5413 3.5589 -4.1286 1.9734 21.5960 1.5779 9.0467
Car -1 -1 -3.4330 763.5200 163.6790 878.3604 208.7536 1.6487 1.6689 3.8421 7.8575 1.3135 27.2438 -3.1522 5.6442
Car -1 -1 -3.2982 715.2384 167.7725 798.9345 198.7405 1.5258 1.5839 3.9380 7.3370 1.2758 36.4226 -3.0994 4.9244
Car -1 -1 2.8647 741.6715 156.6783 856.0959 198.2093 1.6984 1.7182 4.3608 7.8579 1.0373 30.4165 3.1175 4.1565
Car -1 -1 1.8645 487.2108 184.0121 526.0515 208.1008 1.5333 1.6004 3.8895 -7.1246 2.3364 49.8616 1.7226 3.4395
Car -1 -1 -0.5462 929.7930 153.6237 1007.2178 178.9807 1.4861 1.6212 3.8796 21.4270 0.3594 43.2582 -0.0863 2.9832
Car -1 -1 -2.1178 325.0756 182.9207 385.4297 211.4331 1.4391 1.5375 3.4256 -13.9245 2.0109 39.2774 -2.4585 2.4706
Car -1 -1 3.0189 677.0875 171.8221 725.3671 189.2278 1.4788 1.6182 3.9533 7.8043 1.3915 62.1118 3.1439 1.4508
Car -1 -1 -1.9913 896.9679 156.1547 945.3913 180.2119 1.5120 1.5747 3.5810 20.2438 0.4628 47.1474 -1.5857 1.2301
Car -1 -1 1.8223 396.6131 188.1625 463.2759 232.0505 1.4704 1.5680 3.7435 -6.7853 2.0912 27.3603 1.5792 0.0485
Car -1 -1 2.5486 1013.0878 156.0122 1144.7141 192.9893 1.4954 1.6675 4.4227 19.4186 0.8146 30.0532 3.1223 -0.1712
Car -1 -1 1.7733 460.6185 172.2852 488.9828 190.6075 1.4818 1.5899 3.8465 -11.2825 1.4361 60.2876 1.5883 -0.5997
