Car -1 -1 -1.9567 761.5450 193.5757 1088.4204 374.0000 1.4457 1.6011 4.0173 2.8283 1.7237 7.6315 -1.6018 14.3603
Car -1 -1 -1.4275 422.1146 184.5083 524.8254 271.5137 1.5532 1.6068 3.7072 -2.8056 1.8306 15.2658 -1.6092 13.8406
Car -1 -1 -1.8362 697.9154 181.9190 840.7938 285.0294 1.5470 1.5875 3.5121 2.6387 1.7326 12.9430 -1.6351 13.3675
Car -1 -1 1.6783 504.6096 180.6594 561.2029 226.8858 1.5151 1.6276 4.0610 -2.7815 1.8227 26.3653 1.5732 11.2442
Car -1 -1 -1.6532 641.9015 176.3734 680.0872 208.3404 1.4929 1.5950 3.5848 2.4519 1.6771 35.8937 -1.5850 11.0400
Car -1 -1 -1.7597 679.3632 166.2118 779.7430 252.0938 1.8539 1.6779 3.8322 2.7225 1.7109 17.5167 -1.6056 8.9602
Car -1 -1 -0.9160 0.0000 206.3025 255.4571 374.0000 1.4516 1.6113 3.8461 -2.9250 1.6753 2.7910 -1.7249 8.1502
Car -1 -1 -2.3215 914.7726 193.2063 1241.0000 374.0000 1.5375 1.5585 4.0258 2.6180 1.6692 2.6153 -1.5356 6.4726
Car -1 -1 1.6585 559.4162 175.5813 586.0916 196.7341 1.4774 1.6255 3.7994 -2.7197 1.6847 52.8184 1.6071 4.1032
Car -1 -1 -1.4564 540.7996 177.2401 562.2530 194.2542 1.5342 1.5917 3.8134 -5.5005 1.9596 67.9888 -1.5371 0.0123
Car -1 -1 -1.6596 662.2403 175.5276 695.2781 202.5180 1.5273 1.6203 3.8810 4.0349 1.6948 43.1562 -1.5664 -0.2146
Car -1 -1 1.5567 626.8254 174.2571 644.4525 190.6344 1.5131 1.6236 4.2187 2.4137 1.6521 69.1500 1.5916 -0.3981
Car -1 -1 -2.8296 301.1409 183.5007 442.1836 233.8235 1.4700 1.5407 3.8313 -7.2997 1.8094 22.1871 -3.1474 -0.7343
