Car -1 -1 1.9926 88.2385 184.1365 376.0387 350.7194 1.6077 1.6654 4.1179 -4.5239 1.7865 9.3256 1.5410 15.2153
Car -1 -1 -1.7215 719.5375 169.0386 799.8085 232.5624 1.8114 1.7897 4.6163 4.5784 1.7029 22.9189 -1.5243 11.5738
Car -1 -1 1.8201 395.3265 184.1152 496.1220 249.7412 1.4640 1.6157 3.9805 -4.1917 1.7893 18.7985 1.6007 11.2644
Car -1 -1 1.9020 307.1618 191.4675 451.9524 280.7347 1.4284 1.5719 3.7092 -4.4047 1.8436 14.2034 1.6013 9.9903
Car -1 -1 2.4339 0.0000 190.2037 173.8700 374.0000 1.6152 1.6741 4.2248 -4.7100 1.7667 4.1586 1.5864 9.7102
Car -1 -1 1.6712 558.6508 175.1089 590.6509 200.9396 1.5532 1.6376 3.9884 -2.2312 1.7029 45.7715 1.6225 4.3434
Car -1 -1 -1.7466 700.3015 176.1801 748.2450 210.6907 1.5552 1.6269 3.8394 5.4136 1.7250 34.8222 -1.5923 3.9722
Car -1 -1 -1.6963 710.6385 178.6877 762.9285 219.1585 1.5044 1.6148 3.7899 5.0377 1.7573 29.3040 -1.5260 3.3201
Car -1 -1 0.5295 7.6390 174.3602 169.6061 229.1095 1.6666 1.6584 3.8864 -16.5723 1.7171 23.0251 -0.0944 2.3794
Car -1 -1 -1.3424 399.4910 157.8722 445.1802 184.7453 1.5499 1.7026 4.5582 -11.3819 0.6862 43.9116 -1.5960 1.9241
Car -1 -1 1.6486 545.2875 169.2984 567.2038 186.5656 1.4650 1.6147 3.9373 -4.6989 1.1637 63.1853 1.5744 1.3617
Car -1 -1 -2.8973 499.6968 171.9164 550.8333 192.3384 1.5560 1.6071 3.6628 -6.5826 1.4849 56.0018 -3.0143 1.0541
