Car -1 -1 1.7567 419.6121 194.4911 520.0338 268.5646 1.3921 1.5761 3.7860 -3.1352 1.9458 16.5575 1.5695 13.7397
Car -1 -1 -1.8139 679.0752 192.3739 820.0786 289.1030 1.3935 1.5858 3.8575 2.3137 1.8038 13.1699 -1.6400 12.2772
Car -1 -1 -1.8794 749.0238 187.9371 1034.9369 374.0000 1.5737 1.6367 4.0397 2.6708 1.7838 8.0014 -1.5573 12.1930
Car -1 -1 -0.9105 0.0000 201.7387 326.6989 374.0000 1.5051 1.6455 4.1790 -2.7892 1.7156 3.1047 -1.6424 9.9438
Car -1 -1 -1.6296 629.1670 181.9520 660.1035 209.0454 1.5153 1.6338 3.8853 2.0191 2.0903 43.6158 -1.5833 7.4424
Car -1 -1 -2.2228 842.8924 76.9986 1241.0000 374.0000 1.5862 1.5908 3.8027 2.3651 1.4248 3.1188 -1.5740 5.0030
Car -1 -1 1.7709 524.4832 185.9434 567.0606 216.6525 1.4580 1.5331 3.6039 -3.3453 2.1769 37.7301 1.6824 3.5326
Car -1 -1 1.5862 553.3898 180.3687 574.9286 202.1484 1.6019 1.6244 4.0195 -3.5861 2.2123 56.5254 1.5229 3.5058
Car -1 -1 1.7262 518.8481 181.9275 543.3588 199.5559 1.4776 1.5935 3.9174 -7.0433 2.3145 64.5224 1.6175 1.3831
Car -1 -1 -1.6165 622.2707 172.4805 644.6866 191.3668 1.4884 1.6349 4.1888 1.8626 1.4593 58.9659 -1.5849 -0.7339
