Car -1 -1 -1.7472 814.1316 172.9699 961.3729 292.8553 1.6703 1.6086 3.6275 4.3634 1.6729 11.9790 -1.3979 14.7949
Car -1 -1 -1.4124 550.3488 174.6852 651.9076 256.4069 1.5233 1.5945 3.7849 -0.1181 1.5682 15.5272 -1.4200 14.1128
Car -1 -1 -1.3634 596.6253 176.7800 683.0647 237.8533 1.5291 1.6337 4.1454 0.9112 1.6534 20.5576 -1.3191 10.4818
Car -1 -1 -1.6640 779.1169 174.1884 824.5902 209.9577 1.5182 1.6170 4.1015 8.6514 1.5835 32.9388 -1.4072 7.7469
Car -1 -1 -1.7136 801.8702 176.3599 895.7072 249.7037 1.5355 1.5798 3.7597 5.5408 1.6295 17.2785 -1.4033 6.0008
Car -1 -1 -1.5749 689.5149 175.3450 715.3921 198.7307 1.4490 1.6088 3.7998 5.9932 1.6188 47.1101 -1.4483 4.8460
Car -1 -1 -1.7135 770.4997 173.0983 806.1463 199.5762 1.5785 1.6294 3.7811 11.0435 1.5947 45.0087 -1.4729 4.6126
Car -1 -1 -3.5124 886.7546 129.4309 1054.1742 184.2553 1.6114 1.6598 4.3022 10.9369 0.3355 22.2174 -3.0549 2.4555
Car -1 -1 1.5216 625.2714 176.9758 683.1895 230.2093 1.5903 1.6913 4.3178 1.3425 1.7404 24.0516 1.5774 1.8748
Car -1 -1 -1.7791 851.3474 142.3330 911.9218 185.0586 1.7340 1.6586 4.0049 11.6870 0.4957 31.3837 -1.4226 0.7890
