Car -1 -1 -1.8251 720.3947 175.4224 868.0421 275.7623 1.5239 1.6101 3.7890 3.0670 1.5772 12.9652 -1.5928 13.1151
Car -1 -1 1.8715 338.6717 188.0317 437.6859 255.7242 1.5599 1.5708 3.3538 -5.7936 1.9966 19.0591 1.5764 12.8753
Car -1 -1 -2.2522 890.3055 182.3733 1241.0000 374.0000 1.5924 1.6203 3.8683 3.2443 1.6757 4.3204 -1.6081 9.6458
Car -1 -1 -1.8287 691.7800 177.6963 789.8595 243.5073 1.4768 1.5548 3.6029 3.1569 1.6126 18.3248 -1.6581 9.1429
Car -1 -1 1.7921 403.6651 185.4948 474.1966 236.1523 1.5085 1.5516 3.5627 -5.6876 1.9636 24.1651 1.5609 8.1343
Car -1 -1 1.9438 209.5311 172.7458 280.9035 207.3804 1.4532 1.5786 3.7670 -16.2347 1.4490 32.2205 1.4770 7.4856
Car -1 -1 -1.7140 683.3740 177.7051 747.6357 227.2443 1.4901 1.5825 3.6344 3.3657 1.6633 23.8772 -1.5739 6.8616
Car -1 -1 2.4694 0.0000 223.7781 108.2297 374.0000 1.4822 1.6440 4.1808 -5.3447 1.9352 4.3147 1.5778 5.3768
Car -1 -1 0.5782 4.5065 185.2296 173.8055 240.0026 1.4685 1.5451 3.6708 -14.8072 1.8366 20.5836 -0.0454 3.5939
Car -1 -1 -0.1432 697.2450 156.7865 750.4125 174.4548 1.4672 1.6523 4.2289 9.5330 0.1333 60.7684 0.0125 1.6581
Car -1 -1 1.8843 429.6932 166.6701 458.4252 182.2011 1.4999 1.5917 4.1310 -16.4915 0.9031 71.8074 1.6585 0.6489
Car -1 -1 -1.8464 831.7407 160.4564 882.3004 188.7361 1.5232 1.6277 4.1924 13.9264 0.8558 40.9960 -1.5189 -0.7405
