Car -1 -1 -0.4874 818.9858 184.6985 1103.5574 284.8110 1.4917 1.6062 3.9132 5.5802 1.7014 11.8548 -0.0475 13.2760
Car -1 -1 0.3287 290.0205 180.8314 459.4911 240.2624 1.5572 1.6181 4.1609 -6.4680 1.7876 19.9696 0.0155 11.6358
Car -1 -1 3.8473 0.0000 170.9396 191.6929 374.0000 1.7068 1.7052 4.1981 -6.5318 1.6921 6.6626 3.0718 9.8947
Car -1 -1 3.6746 58.1901 186.6235 349.3064 286.2323 1.4648 1.5844 3.8408 -6.4830 1.7043 11.6836 3.1681 9.7386
Car -1 -1 3.7511 0.0000 193.1878 279.8329 324.3306 1.4599 1.6420 4.0502 -6.6461 1.7425 9.1540 3.1231 8.9745
Car -1 -1 -1.6807 646.0686 181.5960 701.8814 225.1165 1.4234 1.5992 3.8209 2.2155 1.7659 26.3023 -1.5967 8.6501
Car -1 -1 -1.6859 636.7625 179.2613 677.6716 211.4104 1.4634 1.5695 3.8578 2.2378 1.7973 35.5927 -1.6231 4.5975
Car -1 -1 3.2126 493.5043 176.8781 544.6127 195.6932 1.4579 1.5906 3.9172 -7.2015 1.7822 57.1900 3.0874 2.9939
Car -1 -1 1.6294 548.9652 177.9567 575.9005 200.8031 1.5120 1.6552 4.0666 -3.3334 1.8853 50.6995 1.5637 2.6866
Car -1 -1 1.5996 482.7693 181.7251 519.7978 216.2581 1.4639 1.5974 3.8975 -5.0588 1.9030 33.6571 1.4505 2.5204
Car -1 -1 -1.4402 495.7382 179.4718 535.5099 209.0913 1.4724 1.6192 3.9236 -5.0451 1.8458 38.7052 -1.5698 1.9590
Car -1 -1 -2.8960 362.8152 172.0042 490.9948 219.1681 1.7284 1.7450 4.4125 -6.8977 1.6977 27.3161 -3.1433 1.9307
Car -1 -1 -1.6348 622.3219 174.5074 647.1706 196.3008 1.5668 1.6165 3.7789 1.7958 1.6955 54.0762 -1.6016 1.4587
Car -1 -1 3.2656 458.5319 176.1074 527.6051 203.3702 1.5361 1.6121 3.7745 -6.7565 1.7286 41.7351 3.1051 0.7423
