Car -1 -1 -2.0997 815.1421 208.5875 1241.0000 374.0000 1.3818 1.6170 4.1418 2.9048 1.7490 5.3116 -1.5993 11.6277
Car -1 -1 -1.7153 656.2050 178.3576 728.2218 237.8521 1.8176 1.7795 4.6739 2.6719 2.0256 24.8473 -1.6082 11.4585
Car -1 -1 -2.7788 278.4266 185.1289 446.0459 246.6612 1.5533 1.6177 3.9548 -6.6365 1.8992 19.4353 -3.1079 10.7365
Car -1 -1 -1.6714 645.4941 184.4211 685.0621 218.5714 1.5350 1.5718 3.6723 2.6354 2.1350 35.5442 -1.5974 6.5443
Car -1 -1 0.2133 333.3654 186.0560 478.6771 240.0121 1.5114 1.5845 3.9327 -6.0516 1.9229 21.5624 -0.0603 6.3316
Car -1 -1 -2.3491 0.0000 182.8641 286.1350 341.0135 1.5874 1.6186 3.8674 -6.1269 1.7213 8.5026 -2.9735 5.4060
Car -1 -1 3.2997 397.3954 184.0004 496.9822 225.4690 1.5811 1.5863 3.6886 -6.5023 2.0421 28.9043 3.0785 4.6658
Car -1 -1 -2.8462 348.3269 187.9695 484.8730 233.6566 1.4479 1.6263 4.1555 -6.4979 1.9766 24.3334 -3.1071 3.4910
Car -1 -1 0.1921 401.7034 175.1575 513.7257 220.2012 1.8909 1.7764 4.4995 -6.5764 1.9941 31.3028 -0.0150 2.3163
Car -1 -1 -3.0038 490.4404 181.7889 545.7162 205.9171 1.6565 1.6282 3.6872 -6.4943 2.2986 50.9873 -3.1305 2.3117
Car -1 -1 -1.6396 633.2989 184.2573 661.0571 208.3355 1.4725 1.5761 3.7287 2.3958 2.2577 47.7803 -1.5895 1.1597
Car -1 -1 -1.5922 630.9210 182.6959 651.5477 202.5424 1.5025 1.5845 4.1597 2.4915 2.3335 58.7976 -1.5498 0.9782
Car -1 -1 3.3097 444.6818 180.7918 524.1734 213.6341 1.6844 1.6524 3.9304 -6.6460 2.1146 38.2392 3.1376 0.6868
Car -1 -1 -1.7184 752.0972 169.3780 777.4408 187.4354 1.4509 1.5551 3.4600 12.7620 1.1720 59.7482 -1.5080 0.1208
Car -1 -1 -1.5782 551.8753 182.0308 569.1147 199.4617 1.5689 1.5986 3.7984 -4.7643 2.4711 68.9525 -1.6472 -0.6446
