Car -1 -1 1.8878 382.0873 184.2344 431.3912 213.3930 1.5509 1.6288 3.8728 -11.7684 2.2429 41.8818 1.6139 7.0129
Car -1 -1 1.7863 439.4659 181.8713 482.3628 211.7434 1.5808 1.6146 3.8728 -8.5118 2.1217 41.3019 1.5831 4.5622
Car -1 -1 -1.5576 597.6837 176.4026 624.7793 203.5248 1.6286 1.6464 3.8249 0.0697 1.8634 45.7499 -1.5561 2.8700
Car -1 -1 1.7099 470.8431 178.8793 508.5513 208.4620 1.5190 1.5632 3.5587 -6.5879 1.8649 39.5775 1.5450 2.8191
Car -1 -1 1.8156 388.7167 180.0702 459.8845 227.4222 1.5752 1.6363 3.8972 -6.7805 1.8606 26.5477 1.5656 1.3223
Car -1 -1 1.7987 430.5288 179.5294 486.2724 218.5788 1.5648 1.5889 3.6479 -6.5648 1.8725 31.3808 1.5925 1.2455
Car -1 -1 2.2442 172.0837 189.5136 222.6051 208.7774 1.4725 1.6169 3.8951 -34.7019 2.9228 60.7447 1.7252 0.3594
Car -1 -1 1.6885 493.5350 177.5232 524.8703 202.7684 1.5640 1.6052 3.7640 -6.5976 1.8827 47.2980 1.5499 -0.0770
Car -1 -1 -1.7835 761.6978 158.1494 796.8344 181.0018 1.5625 1.6129 4.0309 11.9712 0.5575 51.3595 -1.5545 -0.1455
Car -1 -1 2.1178 192.2399 188.9832 240.8953 209.1785 1.4757 1.5533 4.0631 -31.6336 2.8209 58.0903 1.6191 -0.6161
Car -1 -1 1.8628 338.5231 182.1872 430.4498 237.5953 1.4802 1.6109 3.8451 -6.7538 1.7881 21.8507 1.5630 -0.6237
Car -1 -1 -1.7432 703.0733 182.9180 760.7697 224.4414 1.4681 1.5860 3.8338 4.6744 1.8909 28.3643 -1.5798 -0.8254
