Car -1 -1 1.8917 297.0854 186.4025 446.7016 291.8781 1.7055 1.6362 3.7635 -4.4916 2.0051 14.0410 1.5821 14.1261
Car -1 -1 1.8079 395.7331 187.2387 496.5767 257.1488 1.5730 1.6661 4.1894 -4.2657 1.9985 19.2102 1.5894 12.1545
Car -1 -1 -2.2332 962.3314 197.0325 1241.0000 374.0000 1.5220 1.5893 3.9038 3.6362 1.7287 4.1629 -1.5152 10.6936
Car -1 -1 -1.6790 699.2399 174.3595 749.0035 216.2457 1.7566 1.7387 4.4502 5.0517 1.8299 32.6820 -1.5256 9.0965
Car -1 -1 1.7342 488.5498 187.6233 544.9446 229.0547 1.4591 1.6161 3.9173 -3.6909 2.0900 28.8112 1.6068 8.6227
Car -1 -1 -0.6615 1032.4677 179.4715 1241.0000 291.8721 1.5142 1.6949 4.5125 9.0139 1.6218 10.7552 0.0361 8.5502
Car -1 -1 1.7849 453.5526 191.2337 523.6787 240.4275 1.4223 1.5563 3.7363 -4.0256 2.0874 24.1861 1.6200 7.6897
Car -1 -1 1.4116 318.9808 167.7355 375.1302 208.2851 1.5076 1.5366 3.6389 -10.5805 1.3176 28.7855 1.0593 4.9533
Car -1 -1 1.5477 581.8409 182.8909 603.7756 203.5802 1.4750 1.5859 3.7683 -1.3699 2.2702 55.2205 1.5229 4.2717
Car -1 -1 0.6211 0.0000 192.0938 122.2275 253.6689 1.4584 1.5729 3.7316 -15.0056 1.9771 18.5414 -0.0592 4.2279
Car -1 -1 -1.1668 80.0346 199.0388 136.8141 225.5232 1.4717 1.5822 3.9032 -32.1072 3.2259 46.2566 -1.7736 1.3589
