Car -1 -1 -2.0945 812.8232 186.2858 1241.0000 374.0000 1.5255 1.6211 3.9444 3.1911 1.6815 6.3404 -1.6283 13.8457
Car -1 -1 1.9096 274.7515 183.9310 418.3170 266.2889 1.4713 1.6035 4.0758 -5.4995 1.7406 15.4763 1.5681 12.7223
Car -1 -1 -1.8685 746.3346 175.1377 909.0121 288.5770 1.5735 1.5553 3.4364 3.3199 1.6167 11.8115 -1.5945 12.5211
Car -1 -1 2.0281 137.7168 187.8155 338.0756 306.8641 1.4780 1.4578 3.0711 -5.4534 1.7361 10.8835 1.5636 11.9686
Car -1 -1 0.9590 475.8343 178.2030 531.5202 202.8709 1.4591 1.5803 3.7789 -6.7573 1.8104 45.4198 0.8113 3.8021
Car -1 -1 -1.2882 427.0547 178.9225 454.9421 194.8423 1.4631 1.5971 3.9310 -16.3394 2.0677 69.8421 -1.5180 1.9919
Car -1 -1 1.9672 456.0101 179.7063 496.3472 199.7300 1.4752 1.6627 4.1231 -10.5175 2.0363 56.8470 1.7843 1.9547
Car -1 -1 -0.2794 685.7549 173.7590 735.8286 191.2877 1.4645 1.5990 3.9351 8.5455 1.5433 61.4594 -0.1413 1.3622
Car -1 -1 -0.5130 587.2707 174.5486 639.8478 193.7913 1.5106 1.6175 3.9915 0.2747 1.6525 58.6122 -0.5083 0.1509
Car -1 -1 -0.1333 656.9634 179.8035 716.3023 201.5146 1.4805 1.5812 3.9602 5.3141 1.9763 50.5889 -0.0287 0.1382
