Car -1 -1 -1.8477 718.5794 181.5696 889.9101 306.7755 1.6022 1.6114 3.5593 2.7791 1.7608 11.2890 -1.6064 14.5078
Car -1 -1 -1.3485 378.2140 195.9300 474.0780 266.2989 1.4206 1.5178 3.4251 -4.3758 2.0337 17.4280 -1.5945 13.8186
Car -1 -1 -1.6619 665.4134 182.2983 728.0303 238.6868 1.5092 1.5428 3.2967 2.4693 1.8132 21.5322 -1.5477 11.5007
Car -1 -1 -1.3767 447.0604 182.9419 513.8368 235.1528 1.7149 1.6488 4.1482 -4.7234 2.1163 26.5922 -1.5525 9.2115
Car -1 -1 1.6756 497.1580 183.9022 533.6695 215.5997 1.6336 1.6309 3.9721 -5.3053 2.2862 40.5879 1.5457 9.1370
Car -1 -1 -1.7116 634.0705 179.7595 675.0090 213.1430 1.6025 1.6222 3.4977 2.2112 1.9761 37.1906 -1.6522 5.7239
Car -1 -1 1.7719 433.6572 164.0526 477.1772 191.6260 1.4512 1.5866 4.0279 -8.5435 0.9884 39.9943 1.5614 3.4747
Car -1 -1 1.6162 527.8648 185.8451 551.0757 207.5417 1.5616 1.6282 4.0202 -5.5090 2.6150 56.4336 1.5188 2.0468
Car -1 -1 -1.7678 706.5804 167.2654 754.8572 199.2959 1.4755 1.5978 3.7878 5.7814 1.2184 35.1553 -1.6048 0.1660
Car -1 -1 -0.6679 985.8362 172.5658 1241.0000 283.5144 1.5458 1.6456 4.1552 8.1401 1.5421 10.9303 -0.0278 -0.2041
Car -1 -1 1.7340 651.7334 169.7507 679.5102 189.9012 1.5628 1.6109 3.9447 4.4851 1.3225 58.0651 1.8111 -0.3194
