Car -1 -1 -1.9995 774.7220 197.2692 1142.8121 374.0000 1.4090 1.6093 3.9635 2.9158 1.7202 7.1710 -1.6133 13.8211
Car -1 -1 -1.6977 654.0267 177.7220 717.2367 230.5696 1.7625 1.7509 4.4999 2.6636 1.9587 26.7532 -1.5985 10.3867
Car -1 -1 -2.8275 310.9868 180.0255 459.2750 234.0217 1.5218 1.5957 3.8925 -6.6301 1.7429 21.3755 -3.1283 8.9882
Car -1 -1 -1.6592 645.7280 181.9075 682.7766 214.7641 1.5820 1.5981 3.6659 2.7438 2.0774 37.6008 -1.5863 5.5690
Car -1 -1 0.2741 346.6398 182.5572 492.1927 229.5106 1.4653 1.6447 4.3462 -6.2348 1.7964 23.7300 0.0171 4.5441
Car -1 -1 0.1547 416.5010 171.3372 513.8100 207.9334 1.6419 1.6823 4.1948 -6.6622 1.5742 33.3001 -0.0427 3.2017
Car -1 -1 -3.8517 1196.4934 175.3663 1241.0000 231.7722 1.5371 1.5999 3.8020 19.2944 1.6123 20.6173 -3.0994 3.0383
Car -1 -1 -2.8173 371.8221 184.8471 494.2609 227.9385 1.4696 1.6007 4.0025 -6.3942 1.9200 26.1082 -3.0575 3.0064
Car -1 -1 -1.5076 525.0219 177.7738 550.0409 200.0716 1.5785 1.6210 3.8619 -5.4066 1.9597 53.8986 -1.6076 2.2589
Car -1 -1 -2.9888 451.6643 181.1595 527.8575 211.2725 1.6194 1.6496 3.9749 -6.6761 2.0913 40.1164 -3.1537 1.9129
Car -1 -1 -1.4585 626.8470 180.3819 651.2198 200.2191 1.5622 1.6057 4.0019 2.4434 2.2158 60.5113 -1.4181 1.7137
Car -1 -1 3.2705 416.3557 180.4166 506.7422 218.2520 1.5475 1.5701 3.6069 -6.3190 1.8802 30.7895 3.0680 1.4855
Car -1 -1 -0.0524 640.4371 183.8151 703.0523 206.8382 1.4900 1.6350 4.1033 4.0747 2.2392 48.4143 0.0316 1.3291
Car -1 -1 -1.5605 537.9536 178.9977 557.1252 197.0090 1.4568 1.5819 3.7957 -5.3394 1.9987 61.6426 -1.6469 1.2704
Car -1 -1 -1.0522 189.4529 163.3333 292.2596 206.6628 1.4874 1.6219 4.0084 -13.6195 1.1609 26.8065 -1.5223 -0.1811
Car -1 -1 1.1616 951.1315 153.7934 993.4162 173.0219 1.5343 1.6080 4.1338 29.8807 0.0138 59.6801 1.6258 -0.2342
