Car -1 -1 1.8297 280.9276 184.3382 435.3711 291.3083 1.5347 1.5975 3.9294 -4.3033 1.7708 12.7940 1.5052 13.6780
Car -1 -1 1.1995 738.6064 135.2427 940.0604 272.9127 1.8357 1.6735 4.0735 3.4008 1.3345 11.7211 1.4819 13.6267
Car -1 -1 1.7401 417.3974 184.4201 491.9387 238.6356 1.3715 1.5203 3.5706 -4.4401 1.7350 20.8385 1.5302 11.7739
Car -1 -1 1.7019 455.4982 174.2230 511.2257 218.4504 1.5470 1.5953 3.7570 -4.7551 1.6028 27.2644 1.5292 8.1196
Car -1 -1 -1.4924 587.5549 168.7456 619.6609 195.5166 1.5373 1.6316 3.9383 -0.3759 1.3018 43.4535 -1.5010 5.9016
Car -1 -1 1.0889 71.5556 157.2672 151.9959 190.0204 1.4826 1.5789 3.7513 -23.6865 0.7774 34.2301 0.4835 2.2214
Car -1 -1 -1.5728 626.5166 163.2218 651.7234 188.1129 1.6501 1.6707 4.0945 1.9774 1.0119 49.9065 -1.5332 1.4313
Car -1 -1 -2.2910 413.7429 154.1930 479.6494 180.8253 1.5055 1.6121 3.9108 -9.6954 0.4510 42.5859 -2.5149 -0.3329
Car -1 -1 -1.8138 654.0169 152.5581 715.3431 193.9372 1.6116 1.6400 3.9160 3.0025 0.8215 30.1542 -1.7146 -0.7965
Car -1 -1 -1.7553 674.6291 169.5530 745.3604 218.2052 1.4670 1.6094 3.8019 3.1478 1.3679 23.6946 -1.6232 -0.8228
