Car -1 -1 2.1340 23.3718 199.4308 297.8757 335.3250 1.4589 1.5621 3.7018 -6.1510 1.9093 10.3463 1.5976 13.9109
Car -1 -1 -1.7229 693.1046 179.2568 790.2316 251.3245 1.4557 1.6167 3.9841 2.9061 1.6241 16.9339 -1.5529 13.3977
Car -1 -1 2.7178 825.4939 156.5352 1033.3400 221.4775 1.6386 1.7388 4.7393 8.2906 1.2272 19.1057 3.1272 11.6404
Car -1 -1 -1.2757 352.4814 183.4516 450.2262 245.8071 1.6185 1.6570 4.1407 -6.1309 1.9656 21.5191 -1.5533 10.9939
Car -1 -1 2.4263 1023.8787 152.7795 1241.0000 276.3819 1.5140 1.6513 4.3209 8.1376 1.2685 9.6982 3.1244 9.2508
Car -1 -1 1.7976 449.3016 182.9355 503.5859 219.3800 1.4940 1.5973 3.7935 -6.0001 1.9766 32.5750 1.6154 8.9116
Car -1 -1 2.5514 937.8442 139.6310 1241.0000 246.7711 1.7877 1.6906 4.3991 8.3976 1.2337 12.9113 3.1281 8.6138
Car -1 -1 1.7541 488.9051 180.3301 527.6999 207.6885 1.5107 1.6171 3.7907 -6.0198 1.9748 42.8229 1.6145 5.5643
Car -1 -1 1.7158 474.1611 180.4825 515.3027 212.8026 1.5726 1.6023 3.8120 -6.0412 1.9942 37.9256 1.5578 4.5111
Car -1 -1 1.6665 504.0454 180.1217 533.7414 203.3050 1.4688 1.6265 4.0217 -6.1782 1.9835 49.0212 1.5411 2.5394
Car -1 -1 1.8073 407.8617 176.4754 452.8178 204.6325 1.4981 1.6059 3.8743 -10.1417 1.7132 40.8303 1.5639 2.1231
Car -1 -1 1.7448 519.9606 180.2379 549.8409 200.3360 1.4708 1.6353 4.1437 -5.8631 2.0710 56.4853 1.6414 1.7860
Car -1 -1 1.6187 485.3717 171.1859 504.9522 188.1335 1.5041 1.5927 3.7467 -10.4949 1.3564 65.9812 1.4610 1.1183
Car -1 -1 1.4008 712.6472 167.1224 748.7162 192.6652 1.5525 1.6118 3.9130 7.5825 1.2045 45.8139 1.5648 0.3454
Car -1 -1 -2.4366 421.3303 169.4455 474.4044 190.3015 1.5330 1.6029 3.7824 -12.3074 1.2829 54.6232 -2.6582 -0.0244
Car -1 -1 -3.8665 1174.6238 130.7778 1241.0000 175.2370 1.5134 1.6343 4.1540 22.5354 0.0815 25.3788 -3.1404 -0.0588
