Car -1 -1 -1.7254 635.6604 178.3032 710.4910 230.9443 1.4422 1.6588 4.1704 1.8031 1.6275 22.3489 -1.6449 13.5150
Car -1 -1 -0.7302 942.5463 196.3634 1241.0000 374.0000 1.3911 1.6107 4.2095 5.5313 1.6414 6.7682 -0.0450 10.9684
Car -1 -1 3.4772 261.0705 186.7886 440.5070 243.5027 1.4045 1.6227 4.1690 -6.8073 1.7897 19.0976 3.1347 9.1010
Car -1 -1 3.5392 180.5452 183.4214 392.8799 255.6209 1.5389 1.6380 4.1167 -7.3117 1.7933 16.4872 3.1218 8.5841
Car -1 -1 -0.5604 875.4797 163.7132 1241.0000 318.4067 1.7622 1.7007 4.1395 5.6676 1.6584 9.0710 -0.0019 7.6054
Car -1 -1 0.4102 309.2503 174.7287 451.2857 227.7422 1.6955 1.6921 4.2168 -7.6915 1.7616 24.2066 0.1025 5.5505
Car -1 -1 1.5117 616.2135 175.6774 651.1699 205.6045 1.4520 1.5784 3.6616 1.1409 1.6053 37.2078 1.5424 4.0756
Car -1 -1 -2.4498 414.9382 178.0836 499.5979 210.7227 1.4528 1.5902 3.7783 -7.2887 1.7125 34.1991 -2.6598 2.3866
Car -1 -1 1.5555 597.0105 180.5264 619.2761 202.0051 1.4719 1.5631 3.8230 -0.1926 2.0536 52.7438 1.5519 0.8589
Car -1 -1 -1.5912 650.9158 172.8809 669.8348 190.1945 1.4969 1.5972 4.1449 4.4548 1.4997 64.4934 -1.5222 0.4531
Car -1 -1 0.1275 425.4933 170.7010 501.0980 197.9921 1.4946 1.5927 3.9845 -8.2110 1.3770 40.4507 -0.0728 0.3051
Car -1 -1 -1.6745 613.3300 170.1247 646.8170 198.5955 1.6044 1.5990 3.6136 1.1088 1.4510 42.5210 -1.6485 -0.4284
Car -1 -1 2.2768 0.0000 197.1914 22.7324 374.0000 1.5131 1.6446 4.1019 -5.4280 1.7222 4.0024 1.3414 -0.6709
Car -1 -1 -0.6112 1121.6104 135.7229 1241.0000 182.2218 1.4760 1.6298 3.9826 19.4818 0.2977 23.8606 0.0735 -0.6943
