Car -1 -1 -1.7592 645.7955 175.7423 740.3266 247.9619 1.6491 1.6619 4.1284 1.9823 1.7331 18.7690 -1.6540 13.5902
Car -1 -1 1.7710 403.7455 182.8588 512.4215 267.7483 1.5034 1.5233 3.4950 -3.0645 1.7351 14.9369 1.5686 10.8717
Car -1 -1 3.3920 279.5309 177.1623 434.5548 232.2900 1.5622 1.6269 4.1008 -7.5081 1.6973 21.5815 3.0572 9.0768
Car -1 -1 3.8917 0.0000 187.8808 129.6623 374.0000 1.4928 1.6371 4.2573 -6.7847 1.6398 6.0223 3.0468 7.8516
Car -1 -1 -1.7577 602.9336 175.6208 634.4961 196.7445 1.4577 1.5913 3.8778 0.5660 1.6667 52.3725 -1.7469 2.4284
Car -1 -1 0.1689 462.8801 167.1400 530.5509 192.0214 1.6522 1.6774 4.2997 -7.6508 1.2732 48.7779 0.0133 1.6417
Car -1 -1 0.1658 458.8055 177.1278 522.6532 200.7832 1.4862 1.5719 3.8458 -7.6682 1.7662 46.4055 0.0020 1.5837
Car -1 -1 1.8304 423.5325 165.0182 455.2871 183.4894 1.4760 1.5743 4.0378 -14.0929 0.8502 59.6922 1.5985 1.4864
Car -1 -1 1.7250 456.0192 154.2655 480.8682 172.2561 1.5413 1.5999 3.7682 -12.5158 -0.0541 63.8544 1.5315 -0.1366
Car -1 -1 1.7241 468.1681 176.4851 511.1438 208.8045 1.5777 1.6321 3.9176 -6.2548 1.7773 37.6289 1.5594 -0.5326
