Car -1 -1 -1.8032 707.3817 187.8268 834.7679 274.2857 1.4418 1.6089 4.0139 3.0696 1.7905 14.7600 -1.5981 15.0422
Car -1 -1 0.6841 0.0000 187.5827 298.6878 341.0199 1.4540 1.6205 4.3260 -5.9683 1.6337 7.8946 0.0368 12.0391
Car -1 -1 -2.1884 838.5499 196.4478 1241.0000 374.0000 1.4715 1.5806 3.9385 2.7043 1.6704 4.0769 -1.6027 10.5942
Car -1 -1 3.6815 6.1433 182.9458 330.6214 297.4113 1.5132 1.5758 3.7429 -6.2821 1.6709 10.4640 3.1408 10.5639
Car -1 -1 -1.6914 656.1274 175.5699 702.6306 217.1541 1.8391 1.7114 4.0040 3.1858 1.9758 34.1971 -1.5985 8.9850
Car -1 -1 3.5496 99.0776 159.0833 364.6002 268.8438 1.7974 1.6548 3.8202 -6.5691 1.5723 12.7667 3.0744 6.4983
Car -1 -1 3.3883 397.2551 177.1273 503.6808 216.9450 1.5481 1.6085 3.9173 -6.4209 1.7259 29.0963 3.1711 3.3246
Car -1 -1 -2.9610 423.8584 175.4200 524.1840 213.5080 1.6121 1.6720 4.0704 -5.9180 1.7275 31.4966 -3.1467 3.0743
Car -1 -1 0.0985 502.7079 172.0853 568.0633 197.6612 1.5124 1.6065 3.7786 -4.4927 1.4673 43.4766 -0.0044 1.5799
Car -1 -1 1.3613 889.3911 144.5810 935.4950 172.4558 1.4785 1.5926 3.9099 16.8325 -0.0231 40.3961 1.7561 0.3467
