Car -1 -1 -2.0041 841.5751 175.7467 1241.0000 374.0000 1.5541 1.5980 3.8106 2.9521 1.5838 5.3485 -1.4998 13.6896
Car -1 -1 -1.8303 725.3551 169.4045 834.7214 243.2441 1.6245 1.6438 3.9410 4.0167 1.5490 17.8724 -1.6092 12.0933
Car -1 -1 -1.4735 523.7258 175.6435 599.8382 244.2968 1.6481 1.6663 3.9631 -1.2476 1.7316 19.4905 -1.5374 11.5989
Car -1 -1 -2.3674 0.0000 200.9526 196.7086 326.0622 1.4899 1.5976 3.7060 -8.0574 1.9177 9.9997 -3.0456 10.9321
Car -1 -1 -1.7173 709.0265 175.4805 776.1149 228.8725 1.6127 1.6137 3.9316 4.2679 1.7076 23.9754 -1.5411 6.7028
Car -1 -1 -1.6752 697.8437 167.7187 742.8367 209.4201 1.8759 1.7118 3.9189 5.1677 1.6453 34.4506 -1.5263 5.4984
Car -1 -1 -1.5100 546.9843 178.9695 602.6872 229.1217 1.5257 1.6412 4.0944 -1.1608 1.7513 24.5076 -1.5573 5.1830
Car -1 -1 -1.5020 585.1621 180.0843 622.5955 213.9704 1.4436 1.4976 3.3242 -0.2791 1.7934 33.1673 -1.5104 3.0296
Car -1 -1 -1.6629 668.1583 176.3245 700.7460 203.6528 1.6224 1.6652 4.0421 4.6046 1.8508 45.3769 -1.5617 1.4908
Car -1 -1 -1.6616 690.3203 168.7061 723.8187 200.1527 1.8876 1.7163 4.0766 6.0250 1.6389 45.3788 -1.5296 0.8820
