Car -1 -1 -2.5616 0.0000 194.3906 338.5315 303.0567 1.4058 1.6234 4.1856 -6.4255 1.7478 10.5621 -3.1081 13.2430
Car -1 -1 -1.8447 694.8088 187.4293 822.8389 274.4942 1.4690 1.5835 3.6376 2.8225 1.8039 14.6795 -1.6547 12.1478
Car -1 -1 -1.7203 650.7516 180.2874 718.1532 230.5294 1.4993 1.6435 4.0254 2.3593 1.7700 24.1889 -1.6230 11.7537
Car -1 -1 -2.7599 241.8404 183.6784 428.0630 250.9722 1.5262 1.6106 3.8968 -6.6136 1.8015 17.4772 -3.1217 9.1730
Car -1 -1 3.5575 162.6435 190.8165 393.0809 265.0835 1.4330 1.5937 4.0992 -6.8883 1.8306 15.1358 3.1304 7.7061
Car -1 -1 0.2350 384.4811 183.8444 505.7502 222.9945 1.4506 1.6359 4.3345 -6.3857 1.8910 28.0464 0.0111 7.6081
Car -1 -1 0.4776 88.9819 185.0085 371.0474 281.8371 1.5993 1.6386 4.1978 -6.7083 1.8315 12.9412 -0.0006 7.5994
Car -1 -1 0.4011 317.0558 180.0305 461.4296 234.7145 1.5922 1.6213 3.9450 -6.8048 1.8243 22.2836 0.1047 7.3239
Car -1 -1 -2.8368 296.8562 185.1507 443.5588 242.8879 1.5030 1.5560 3.5418 -6.5892 1.8567 19.9265 -3.1562 6.8210
Car -1 -1 3.9595 0.0000 205.4115 66.7819 374.0000 1.4642 1.5692 3.8243 -6.8574 1.7608 5.6589 3.0786 4.9959
Car -1 -1 -1.7263 639.2743 179.0300 685.4652 213.8534 1.5654 1.6357 4.0093 2.4574 1.8850 35.2321 -1.6567 4.1887
Car -1 -1 -1.6170 629.7101 175.7057 654.1199 198.3841 1.6333 1.6530 3.9382 2.3478 1.8565 54.4290 -1.5739 3.9239
Car -1 -1 0.0652 505.8239 177.3982 557.3510 198.0334 1.6504 1.6518 4.0925 -6.4056 2.0282 59.0213 -0.0430 1.2586
