Car -1 -1 1.2148 814.1460 191.2316 1055.6783 337.2623 1.4989 1.6203 4.0750 4.0990 1.8062 9.9862 1.6043 14.8548
Car -1 -1 -1.7760 746.0391 187.5340 859.5933 265.2605 1.4216 1.6106 3.9518 4.0582 1.7877 15.9625 -1.5271 11.5097
Car -1 -1 1.6684 551.8881 172.1925 594.2884 208.3267 1.6011 1.6216 3.8919 -1.7201 1.5722 33.9505 1.6178 10.5933
Car -1 -1 -1.7440 706.1356 178.2719 763.4105 220.7643 1.5124 1.5872 3.5004 4.7098 1.7353 27.8813 -1.5766 10.0220
Car -1 -1 -1.7520 726.7525 181.8274 804.5864 241.0511 1.5546 1.5941 3.6603 4.4597 1.8435 21.3477 -1.5460 9.6590
Car -1 -1 1.7503 383.2895 147.0061 539.5815 288.4877 1.9765 1.7895 4.4511 -2.3457 1.6158 12.3105 1.5620 8.9552
Car -1 -1 1.7315 468.6302 175.1962 558.1726 249.2434 1.6201 1.6043 3.7124 -2.3166 1.6843 17.7832 1.6020 8.0411
Car -1 -1 -1.6877 692.0948 175.4505 737.0106 212.5143 1.5613 1.5852 3.5315 4.6036 1.6848 32.4270 -1.5466 7.5584
Car -1 -1 -1.7027 787.8322 162.5636 814.9631 181.8608 1.4979 1.5782 4.1270 15.3618 0.6995 58.1526 -1.4444 0.6148
Car -1 -1 1.8033 558.6485 168.9055 584.2402 185.2845 1.5636 1.6310 4.0335 -3.7783 1.1870 71.0076 1.7501 0.3250
Car -1 -1 -1.0346 829.0606 150.3433 894.2086 183.7305 1.5793 1.5527 3.3656 12.4717 0.5148 35.8043 -0.6995 0.1212
Car -1 -1 -1.5697 608.0300 178.5448 628.3275 197.8371 1.4886 1.6005 4.0995 0.6444 1.9701 58.9450 -1.5587 -0.2198
