Car -1 -1 1.9707 245.8219 188.8277 362.7091 251.2812 1.4782 1.6056 3.8252 -8.3560 1.9631 19.9701 1.5744 13.2152
Car -1 -1 -1.5588 568.2448 182.9065 612.1149 224.5132 1.5385 1.6849 4.2214 -0.8379 1.9840 29.8276 -1.5869 9.4125
Car -1 -1 2.3034 0.0000 192.0609 136.6930 362.8326 1.5923 1.6489 4.2606 -8.3995 1.8979 9.3346 1.5707 8.6864
Car -1 -1 1.8144 356.9671 187.0397 422.5267 228.4761 1.4614 1.6147 3.8532 -8.7315 2.0658 28.7552 1.5196 7.9105
Car -1 -1 1.7779 420.2567 184.2938 464.5843 217.3490 1.6546 1.6234 3.7087 -9.1019 2.3074 39.2798 1.5502 6.4157
Car -1 -1 1.8128 356.3610 184.1722 435.5909 237.2306 1.5762 1.6513 3.9657 -7.1460 1.9896 24.3103 1.5269 3.1124
Car -1 -1 1.7341 456.8353 185.0096 490.1815 208.9269 1.4739 1.5948 3.8411 -9.1364 2.3219 48.3720 1.5474 1.7258
Car -1 -1 1.6952 507.2775 188.5904 531.1527 206.9599 1.4794 1.6115 3.9046 -7.9669 2.9053 63.4055 1.5702 0.8561
Car -1 -1 -1.9446 831.9969 150.2171 977.5133 235.1225 1.6391 1.6413 3.7984 6.2247 1.2025 15.8266 -1.5699 0.4720
Car -1 -1 -1.6738 730.4837 175.5550 756.9025 196.0682 1.5018 1.5838 4.0233 10.2079 1.7174 55.4335 -1.4917 0.2003
Car -1 -1 -0.8146 672.0823 179.2852 735.2183 206.5425 1.6404 1.6726 4.0804 6.0030 2.0705 46.2743 -0.6856 -0.5768
Car -1 -1 2.1712 0.0000 196.6400 241.1749 349.4943 1.4592 1.6514 4.0956 -6.8006 1.8437 9.5879 1.5543 -0.6520
Car -1 -1 1.4785 735.3353 168.8771 759.2292 187.4173 1.4918 1.5873 4.0087 11.3827 1.1722 60.1252 1.6656 -0.8357
