Car -1 -1 1.9723 210.0594 187.7340 323.8805 247.9390 1.5394 1.6416 3.9161 -10.0731 2.0224 21.4166 1.5327 12.9081
Car -1 -1 -1.4393 475.1710 178.7676 546.0912 235.2817 1.5996 1.6844 4.3093 -3.1116 1.8064 23.0287 -1.5736 10.0219
Car -1 -1 1.8918 353.2501 185.5154 405.0096 213.9481 1.4666 1.6249 3.9928 -13.0857 2.2218 41.0079 1.5829 7.6569
Car -1 -1 -1.5995 581.7591 176.0776 608.7771 201.1944 1.5466 1.6380 3.8761 -1.0245 1.7654 46.9110 -1.6213 4.0696
Car -1 -1 2.2689 0.0000 192.7705 202.8055 365.0978 1.4834 1.6723 4.4116 -7.2157 1.7921 8.9434 1.5900 1.2006
Car -1 -1 1.9387 258.1381 185.2216 376.7502 250.2447 1.4600 1.6057 3.7710 -7.5223 1.8154 18.8147 1.5584 0.5947
Car -1 -1 2.0884 178.1706 193.8574 240.7063 220.6306 1.4752 1.5980 4.0896 -24.9447 2.8463 45.0312 1.5825 0.5558
Car -1 -1 1.7699 452.6152 181.1715 482.7603 201.3427 1.4622 1.5913 3.6521 -10.9625 2.1251 55.6403 1.5754 -0.1117
Car -1 -1 0.1069 100.0355 192.7659 168.1256 215.2803 1.4719 1.6124 3.9193 -34.0144 2.9420 51.6387 -0.4756 -0.1850
Car -1 -1 -0.5004 873.0281 169.9605 1025.5224 222.0725 1.4717 1.5819 3.7771 9.8932 1.3903 21.2865 -0.0653 -0.6971
