Car -1 -1 2.2818 0.0000 184.7146 119.7922 340.6896 1.6469 1.6553 3.9831 -8.9496 1.8436 9.9310 1.5484 10.2424
Car -1 -1 1.8097 374.7871 169.2013 435.1032 210.4547 1.9296 1.8202 4.8049 -10.2188 1.7591 36.1800 1.5344 4.9120
Car -1 -1 1.7734 408.0464 172.7537 465.8965 212.0500 1.5753 1.6436 3.9767 -7.3796 1.5717 30.9362 1.5393 3.5429
Car -1 -1 -1.5760 588.0011 171.2442 614.6523 196.9524 1.6037 1.6630 4.1752 -0.6113 1.5036 47.1098 -1.5890 2.9631
Car -1 -1 1.8363 348.6229 179.5654 431.2868 229.8974 1.4757 1.6146 3.9218 -7.1495 1.7147 23.6643 1.5429 1.4520
Car -1 -1 1.6145 452.2281 176.0937 485.0668 205.2803 1.4619 1.5636 3.6014 -7.5275 1.6435 38.4562 1.4212 1.1183
Car -1 -1 1.4613 632.9284 172.3873 656.4991 190.3409 1.4896 1.5971 3.8940 2.9230 1.4512 61.8543 1.5086 0.8590
Car -1 -1 -3.0944 1039.1082 129.8125 1165.0819 168.6569 1.4835 1.6582 4.2203 20.2860 -0.1848 29.8995 -2.4983 0.4145
Car -1 -1 -1.5636 536.6350 174.1994 563.8198 199.8791 1.5194 1.6132 3.8621 -3.7377 1.6071 44.8828 -1.6467 0.3789
Car -1 -1 1.7703 468.5758 175.9246 495.4374 193.8269 1.4682 1.5524 3.7454 -10.9353 1.7393 61.7124 1.5949 0.3755
