Car -1 -1 1.2907 707.1205 186.5630 902.4489 321.1508 1.4879 1.5923 3.9351 2.4890 1.7236 10.3829 1.5259 14.4919
Car -1 -1 1.7362 404.4407 183.8743 526.3163 277.2973 1.5339 1.6767 4.4521 -2.7920 1.7919 14.6190 1.5475 14.2088
Car -1 -1 1.6607 519.9376 182.3450 564.3456 223.0159 1.5337 1.5194 3.4578 -2.7863 1.9482 29.7470 1.5673 11.7650
Car -1 -1 -1.6420 651.1825 178.5759 697.2974 222.3924 1.6953 1.6597 3.5344 2.5869 1.9489 30.1572 -1.5564 10.5720
Car -1 -1 1.3804 692.3922 180.9906 796.6355 263.5896 1.5854 1.5909 3.5564 2.8040 1.7863 15.9903 1.5540 6.4033
Car -1 -1 -1.6070 644.2724 182.9077 679.8034 217.9096 1.5495 1.5704 3.5176 2.4238 2.0590 34.7488 -1.5373 3.7138
Car -1 -1 -1.6542 636.2480 178.4762 672.0091 211.0820 1.6876 1.6559 3.7771 2.3592 2.0138 39.9088 -1.5951 3.3590
Car -1 -1 1.6964 553.4312 182.8601 581.8393 204.2688 1.4862 1.6405 3.9731 -3.1613 2.2641 54.0275 1.6379 2.1263
Car -1 -1 1.7271 488.3449 182.2503 525.0664 208.3119 1.4688 1.6237 3.9793 -6.2970 2.0696 44.1053 1.5852 -0.3553
Car -1 -1 1.9215 80.1371 177.0950 297.4541 304.7955 1.6158 1.6400 3.9633 -6.3674 1.6952 11.3527 1.4104 -0.6420
Car -1 -1 1.3277 758.1782 153.7133 842.0593 206.7594 1.5277 1.6356 3.9268 5.8339 0.9768 22.7470 1.5788 -0.6713
Car -1 -1 1.6744 512.5947 178.9853 545.8971 206.3596 1.5690 1.6346 3.8848 -4.9322 1.9613 44.1746 1.5632 -0.7533
