Car -1 -1 -1.9517 762.7596 180.5883 1059.9944 374.0000 1.6299 1.5995 3.4788 2.7775 1.7309 7.6239 -1.6023 12.7570
Car -1 -1 -1.7196 672.6350 183.0325 744.1558 237.0302 1.4175 1.5732 3.5259 2.7834 1.7446 21.3862 -1.5902 12.7385
Car -1 -1 0.7983 0.0000 188.2508 225.3075 374.0000 1.5336 1.6742 4.3593 -6.0752 1.6900 6.3895 0.0381 11.1548
Car -1 -1 0.3806 246.7986 184.2559 441.8210 252.5444 1.4830 1.5751 3.9601 -6.1374 1.7622 16.7968 0.0302 10.8088
Car -1 -1 0.5957 0.0000 190.2117 300.3104 325.1219 1.4684 1.6016 4.2388 -6.3478 1.7038 8.9182 -0.0229 10.3012
Car -1 -1 0.3193 299.1634 182.9609 474.6808 241.7631 1.4608 1.6039 4.1361 -5.8496 1.7401 19.0596 0.0215 9.4610
Car -1 -1 -0.1702 724.9723 175.2774 844.0017 221.4908 1.6326 1.6636 4.0279 6.2973 1.7254 26.5447 0.0627 9.1196
Car -1 -1 3.5770 131.3223 187.1193 356.1168 268.2267 1.4551 1.6069 3.5746 -7.0767 1.7512 14.0995 3.1118 8.9067
Car -1 -1 0.2841 349.2769 179.2785 494.4692 228.7277 1.5513 1.6512 4.3376 -6.1633 1.7711 23.7553 0.0302 6.9614
Car -1 -1 3.6775 25.0712 155.5305 329.9138 275.3466 1.7646 1.6870 3.8412 -6.7560 1.5099 11.4746 3.1453 5.2525
Car -1 -1 -1.6721 630.7609 180.4068 657.2939 200.7616 1.4581 1.6236 4.0419 2.5447 2.0588 55.2792 -1.6261 5.0976
Car -1 -1 1.7940 428.4472 166.8254 455.8954 183.5424 1.4830 1.5787 4.1095 -15.3473 0.9485 66.0637 1.5658 0.5232
Car -1 -1 -1.4717 540.9314 177.3396 563.4154 195.4615 1.5339 1.6117 3.9062 -5.1209 1.9444 64.0117 -1.5515 0.1500
Car -1 -1 0.0321 507.8315 176.5336 569.4346 198.6370 1.4840 1.6482 4.1572 -4.9157 1.7429 49.7213 -0.0665 0.0321
Car -1 -1 1.9748 365.1363 160.6155 408.0419 183.4006 1.4924 1.5430 3.4849 -15.1755 0.6912 49.0710 1.6748 -0.2438
Car -1 -1 2.2189 86.1411 164.3714 157.1277 188.6064 1.5001 1.6047 4.1967 -31.6063 0.9754 46.7970 1.6249 -0.7826
