Car -1 -1 2.0156 192.3694 185.7152 295.3513 237.1149 1.5609 1.6226 3.9452 -12.5366 2.0405 24.8945 1.5491 10.7652
Car -1 -1 -1.3770 401.7578 175.2404 524.6671 266.7496 1.5914 1.6728 4.0705 -2.8662 1.6471 14.6877 -1.5697 9.5373
Car -1 -1 -1.5882 585.7490 171.6168 611.8953 196.7544 1.5652 1.6243 3.8572 -0.7919 1.4885 46.8801 -1.6051 2.9672
Car -1 -1 2.3220 0.0000 187.8510 140.1884 374.0000 1.4848 1.6423 4.1044 -7.2983 1.6903 7.8106 1.5705 1.8513
Car -1 -1 1.6052 479.3028 173.5668 499.6832 190.8983 1.4771 1.6417 3.9911 -10.6391 1.5425 63.7501 1.4399 1.5158
Car -1 -1 -1.8108 793.2179 168.1280 858.4885 207.3876 1.4706 1.6191 3.8921 8.5466 1.2939 29.0065 -1.5242 1.2805
Car -1 -1 2.2141 0.0000 187.3670 127.8169 240.4080 1.5074 1.6458 4.0643 -18.0246 2.0246 23.6569 1.5630 0.7370
Car -1 -1 -1.9185 1034.7764 166.0595 1089.7986 191.5850 1.4611 1.5919 3.8010 27.0483 1.0726 43.3241 -1.3604 0.5040
Car -1 -1 1.7269 372.9615 179.3680 415.3464 210.1628 1.5844 1.6498 4.0475 -11.9789 1.9661 40.1303 1.4368 0.0949
Car -1 -1 -1.1554 179.0046 185.0541 217.3586 203.3149 1.4669 1.5593 3.5976 -35.5456 2.5527 62.3248 -1.6737 -0.3573
Car -1 -1 1.8993 317.0117 178.9967 417.2247 235.1922 1.4799 1.6190 3.9597 -7.1205 1.6795 21.4186 1.5783 -0.5861
