Car -1 -1 -1.8643 735.0223 192.0616 938.2403 335.3044 1.4735 1.5642 3.5151 2.7372 1.7783 9.6653 -1.5883 14.0002
Car -1 -1 -1.7010 666.7577 177.0030 745.0554 243.8442 1.7039 1.6910 3.9377 2.5858 1.8341 20.6084 -1.5761 13.2215
Car -1 -1 0.7118 0.0000 183.8960 257.8282 347.5771 1.6323 1.6387 4.1555 -6.5338 1.7722 8.2161 0.0400 12.1458
Car -1 -1 3.5952 122.5010 167.4532 378.9646 274.1069 1.8103 1.6763 3.8184 -6.4197 1.7190 13.0869 3.1392 10.0527
Car -1 -1 0.3527 265.7066 180.9991 445.1328 249.6259 1.6225 1.6242 3.9260 -6.3385 1.8367 18.0989 0.0158 9.1782
Car -1 -1 3.3709 308.0842 177.4503 463.3263 241.6242 1.7408 1.6612 3.9742 -6.3710 1.8790 20.6751 3.0720 7.0831
Car -1 -1 -1.7005 652.7640 182.9274 710.8542 230.6059 1.5749 1.6231 3.9250 2.5323 1.9753 26.6614 -1.6058 6.8879
Car -1 -1 0.3841 188.2062 182.9309 418.6337 260.2458 1.5486 1.6357 4.2600 -6.5091 1.7775 15.5157 -0.0131 6.8721
Car -1 -1 0.1414 484.7131 182.0677 547.5808 206.4925 1.5392 1.5712 3.8694 -6.0970 2.1486 46.8862 0.0121 4.7897
Car -1 -1 -1.6867 640.7050 180.7647 682.8896 215.2293 1.5789 1.6435 3.9165 2.4879 1.9954 35.9628 -1.6176 4.7431
Car -1 -1 3.4039 382.3555 180.2900 485.8191 221.1577 1.6333 1.6517 3.8883 -7.3059 1.9521 30.0229 3.1652 3.4159
Car -1 -1 0.1577 471.8886 183.1838 536.2735 207.9080 1.4858 1.5527 3.7613 -6.5793 2.1394 44.8243 0.0120 1.1247
Car -1 -1 1.5231 630.9327 178.3291 657.6696 203.3190 1.6236 1.6407 4.1941 2.3038 2.0185 49.8939 1.5693 0.9931
Car -1 -1 1.4341 774.4846 152.0495 802.1822 171.4237 1.4769 1.6265 3.7907 14.0907 -0.1171 57.2620 1.6753 -0.4165
