Car -1 -1 1.3443 695.0398 181.7864 832.4074 283.1150 1.5516 1.6031 3.8458 2.6102 1.7413 13.3381 1.5376 15.3510
Car -1 -1 1.8329 330.0062 178.2348 478.5482 282.7637 1.5460 1.5722 3.7648 -3.4939 1.6555 12.7499 1.5654 14.4301
Car -1 -1 1.7421 456.3976 175.4915 531.4875 230.1039 1.5026 1.6113 3.9177 -3.4858 1.5906 22.0102 1.5850 11.3233
Car -1 -1 -1.6991 663.2302 183.3047 730.1760 236.5750 1.4474 1.5531 3.8148 2.5426 1.7982 22.2737 -1.5855 9.7894
Car -1 -1 2.1929 0.0000 198.4474 315.9895 374.0000 1.4059 1.5811 3.9367 -3.5533 1.6453 4.7533 1.5510 8.2851
Car -1 -1 1.4594 641.1018 181.0576 686.7551 216.6693 1.4665 1.6145 3.9838 2.3398 1.8613 32.6656 1.5309 6.9909
Car -1 -1 1.5785 513.5483 176.4224 550.0809 212.7412 1.5618 1.5852 3.7366 -3.6391 1.7367 33.3451 1.4698 6.1498
Car -1 -1 -1.6342 633.6251 179.2682 664.4599 206.6316 1.5452 1.6115 3.8244 2.2835 1.9499 43.5641 -1.5818 3.6286
Car -1 -1 -1.6685 635.3257 178.7617 671.4749 210.2368 1.5792 1.5872 3.5437 2.2469 1.9111 38.6783 -1.6105 2.4087
Car -1 -1 1.6080 502.9653 150.3967 528.7696 172.6132 1.4793 1.6313 4.0767 -6.5401 -0.0171 50.1928 1.4785 0.5759
Car -1 -1 0.9364 1160.9456 153.6666 1241.0000 374.0000 1.6964 1.6833 4.2100 6.4294 1.6033 5.7448 1.7780 0.0111
