Car -1 -1 -2.3442 737.5382 176.8207 844.9498 221.3266 1.3998 1.5642 3.5448 6.1412 1.5480 24.9581 -2.1029 11.6694
Car -1 -1 0.7249 0.0000 181.8436 246.9841 374.0000 1.5709 1.6215 4.0798 -5.8184 1.6635 6.5874 0.0014 10.7216
Car -1 -1 -1.7661 624.4603 173.4693 667.2164 204.2329 1.5081 1.5694 3.3759 1.7660 1.5417 37.2257 -1.7187 10.4824
Car -1 -1 -2.6973 208.9619 172.4217 381.6499 245.0741 1.5481 1.5078 3.2151 -7.0248 1.5392 16.1808 -3.1069 9.4898
Car -1 -1 3.7804 0.0000 188.1080 259.7898 316.4437 1.4310 1.5414 3.6209 -6.6120 1.6384 9.0094 3.1472 7.3061
Car -1 -1 3.4426 282.9075 155.3394 463.7488 229.4291 2.0260 1.8242 4.5886 -6.7100 1.5474 20.6698 3.1287 7.1553
Car -1 -1 3.3128 397.7112 176.3655 495.9676 210.1057 1.4805 1.6467 4.1343 -7.3892 1.6449 32.7770 3.0910 5.4033
Car -1 -1 3.3469 231.9923 176.8316 413.6255 240.6587 1.4734 1.6213 3.9431 -7.0422 1.5788 17.9249 2.9726 3.5720
Car -1 -1 -1.6610 609.7162 173.8158 639.4997 197.4745 1.4665 1.5869 3.8342 0.8790 1.5319 46.8508 -1.6422 2.8622
Car -1 -1 1.7030 503.2453 173.5477 533.1997 196.1485 1.5510 1.6285 3.8793 -6.5489 1.6028 51.5765 1.5767 2.5583
Car -1 -1 -2.8992 436.6487 173.2458 508.1728 201.7094 1.5312 1.5840 3.5941 -7.5768 1.5536 39.7247 -3.0877 1.0642
Car -1 -1 -0.1197 687.2530 165.0777 752.8882 190.7267 1.6585 1.6711 4.1032 7.1826 1.1560 47.5502 0.0302 0.8095
Car -1 -1 3.2498 474.5255 168.1102 526.9210 190.7012 1.7038 1.6509 3.8171 -8.3719 1.3464 55.3207 3.0996 0.3014
Car -1 -1 1.3984 837.6695 151.3584 872.0053 173.8328 1.4793 1.5905 3.8279 16.7210 0.0648 49.5027 1.7241 0.1374
Car -1 -1 0.7326 96.8572 141.5266 181.9506 167.3714 1.5224 1.6222 4.4041 -28.7854 -0.3436 44.1236 0.1546 -0.3541
Car -1 -1 0.1750 443.9558 170.8805 512.5186 197.7887 1.6396 1.6504 3.9619 -8.1740 1.5197 44.7980 -0.0055 -0.6423
