Car -1 -1 3.5875 184.5221 171.5539 394.8210 238.2359 1.4426 1.5995 4.1010 -7.2555 1.4148 16.4696 3.1725 13.0909
Car -1 -1 -0.8405 0.0000 199.1850 299.5168 374.0000 1.4265 1.5401 3.8909 -2.9157 1.6098 3.0380 -1.6053 10.8950
Car -1 -1 1.7137 473.7975 167.5665 545.8570 225.3376 1.6636 1.6876 4.0760 -3.1128 1.5117 22.8189 1.5781 10.7138
Car -1 -1 -1.7621 709.0544 179.9970 859.7216 307.0123 1.5604 1.5406 3.0727 2.3450 1.6811 10.5928 -1.5442 10.3760
Car -1 -1 -1.6738 681.7430 179.6534 773.0320 261.0049 1.4988 1.5355 3.4290 2.3338 1.6602 15.3330 -1.5227 9.4050
Car -1 -1 -1.6775 631.7006 175.7373 661.6522 198.5039 1.4269 1.5897 3.5939 2.3487 1.6245 47.5246 -1.6281 6.9899
Car -1 -1 1.7079 516.4637 169.8575 567.3825 211.5338 1.6549 1.6463 3.7821 -2.8607 1.5363 30.5741 1.6146 4.9958
Car -1 -1 -1.6424 570.5600 171.3263 590.6527 187.8077 1.4603 1.5751 3.5690 -2.7233 1.3253 65.7888 -1.6837 2.2312
Car -1 -1 0.0973 511.0530 159.2356 558.7347 175.9481 1.5058 1.6318 4.1896 -6.8455 0.2791 65.8356 -0.0063 0.9062
Car -1 -1 1.0408 981.1544 101.1911 1215.2743 201.1618 1.4584 1.5873 3.8152 8.0682 0.4133 12.4639 1.6153 0.0502
Car -1 -1 -1.6974 700.1396 164.5884 746.0648 197.3109 1.4632 1.6334 4.1699 5.2815 1.0939 34.3660 -1.5449 -0.3911
Car -1 -1 1.8423 406.2620 178.4768 456.8018 207.7014 1.4904 1.6113 4.3023 -9.8072 1.8179 39.8048 1.6007 -0.5681
