Car -1 -1 1.7736 420.3299 175.0414 512.3813 246.1188 1.5883 1.5625 3.5514 -3.5228 1.6487 18.0137 1.5804 12.9323
Car -1 -1 1.3919 671.7788 181.3669 764.1325 248.4851 1.4944 1.6190 4.1357 2.6187 1.7401 18.6933 1.5311 12.8132
Car -1 -1 1.8865 216.6943 185.1774 441.5728 327.2719 1.4744 1.6252 4.0247 -3.5814 1.6783 9.8751 1.5386 12.3437
Car -1 -1 -2.2695 897.4730 205.9990 1241.0000 374.0000 1.3935 1.5256 3.6698 2.8630 1.6404 3.5169 -1.5862 11.3952
Car -1 -1 1.7303 488.7039 175.4395 546.5854 219.3308 1.5213 1.5818 3.7511 -3.4421 1.6257 27.1305 1.6041 8.3502
Car -1 -1 -1.7080 651.5735 182.7129 706.6768 225.0560 1.4418 1.5585 3.8296 2.5126 1.8436 27.4225 -1.6167 5.9258
Car -1 -1 1.6703 525.6775 176.9100 561.5022 206.7761 1.5039 1.5472 3.8076 -3.5566 1.7328 38.7579 1.5788 5.3206
Car -1 -1 1.5119 637.1499 180.2973 672.0628 210.6139 1.4750 1.5972 3.9421 2.2677 1.8882 38.0421 1.5714 2.2847
Car -1 -1 -1.6951 631.6772 178.8725 665.3167 205.9466 1.5451 1.5984 3.6151 2.2667 1.9269 43.8635 -1.6435 2.2445
Car -1 -1 1.4162 727.2453 166.3432 758.8642 188.8571 1.5076 1.5920 3.7973 9.1925 1.0720 50.2331 1.5972 -0.6105
