Car -1 -1 2.3071 0.0000 196.3599 167.7486 374.0000 1.5557 1.6677 4.0407 -5.9227 1.8260 6.2463 1.5483 9.8666
Car -1 -1 1.3921 456.2835 181.8247 508.0763 219.4639 1.4400 1.5273 3.6060 -5.4940 1.8437 30.4896 1.2139 9.2756
Car -1 -1 -2.4015 931.3738 202.7416 1241.0000 374.0000 1.4552 1.5295 3.6528 2.9055 1.6546 2.9394 -1.6219 9.0245
Car -1 -1 1.9136 84.9449 180.8336 192.2049 236.9036 1.6179 1.6626 4.0520 -15.3029 1.9031 23.5956 1.3383 8.1774
Car -1 -1 0.8100 337.2552 183.4685 418.9445 213.7126 1.4708 1.6544 4.2039 -12.2762 2.0561 38.0310 0.4978 5.0274
Car -1 -1 -1.1839 19.0514 182.1983 122.4267 230.2719 1.4316 1.5516 3.5164 -17.9366 1.7689 24.1180 -1.8234 4.6713
Car -1 -1 -1.8529 749.1483 154.7981 830.3963 207.1688 1.6497 1.6483 3.9430 6.0090 1.0813 24.7315 -1.6146 4.6122
Car -1 -1 2.6333 531.6301 180.2707 595.9785 203.4148 1.4663 1.6212 4.0521 -3.1252 1.9848 48.6286 2.5691 3.8699
Car -1 -1 -0.4022 636.4842 177.4145 700.2700 198.3623 1.4516 1.6631 4.2817 4.1826 1.7905 52.1005 -0.3221 3.7522
Car -1 -1 -1.1020 0.0000 188.3838 34.9976 243.9245 1.5194 1.5965 3.8068 -20.2350 2.0572 22.9217 -1.8252 -0.1718
