Car -1 -1 1.9540 221.7878 188.8891 383.6241 281.6076 1.4749 1.5768 3.7552 -5.8088 1.8287 14.0126 1.5610 14.7277
Car -1 -1 -1.9630 775.1676 178.2317 1068.2278 359.1331 1.5054 1.5768 3.6174 3.0145 1.5786 7.9417 -1.6002 13.8433
Car -1 -1 -1.9023 716.8674 178.1334 864.9428 274.6136 1.4961 1.5351 3.4673 3.0859 1.6062 13.1859 -1.6724 12.2263
Car -1 -1 1.8384 342.0165 185.8663 436.8007 250.0692 1.4844 1.5359 3.4667 -5.7863 1.8617 19.1430 1.5449 9.7043
Car -1 -1 -1.7564 700.0557 176.8220 790.2928 241.3967 1.4946 1.6063 3.8342 3.3656 1.6092 18.8578 -1.5798 8.4897
Car -1 -1 1.1568 329.0693 183.0998 373.0750 204.6402 1.4708 1.6183 3.8854 -19.1095 2.2531 53.0998 0.8113 1.8308
Car -1 -1 -1.8739 855.5191 154.9130 912.7227 185.9924 1.4661 1.5790 3.8537 13.5635 0.6201 36.0039 -1.5136 0.9304
Car -1 -1 -2.8259 381.7463 177.4122 456.5948 205.5038 1.6449 1.6830 4.0421 -11.5046 1.9262 43.5132 -3.0843 0.8553
Car -1 -1 -2.5679 44.6606 175.0885 244.2829 235.8077 1.4843 1.6173 4.0824 -11.8818 1.5445 18.5101 -3.1386 -0.6964
Car -1 -1 2.6958 183.8586 163.1586 327.7619 212.6196 1.4655 1.5901 3.8828 -11.4269 1.1786 23.3913 2.2414 -0.7784
