Car -1 -1 0.5437 16.4515 179.8018 357.8610 298.0491 1.5843 1.6273 4.0947 -6.1001 1.6953 10.6251 0.0226 15.0828
Car -1 -1 -1.7409 684.1292 184.3801 779.9647 252.6673 1.3537 1.5669 3.6227 2.6622 1.6506 16.7369 -1.5832 12.9660
Car -1 -1 0.3659 261.6944 169.8478 454.3009 235.8465 1.5623 1.6617 4.2162 -6.2264 1.4915 17.9759 0.0325 11.0970
Car -1 -1 -1.7012 663.9883 179.5035 722.6384 222.9757 1.4085 1.5784 3.9420 2.8755 1.6665 25.9692 -1.5909 10.3912
Car -1 -1 0.2660 360.3041 180.5576 495.0254 227.9352 1.4491 1.5718 3.9176 -5.8286 1.7055 23.1575 0.0194 6.5115
Car -1 -1 1.6945 552.0403 176.0313 587.9684 204.1669 1.5116 1.5869 3.8413 -2.2711 1.7020 41.1792 1.6394 6.5095
Car -1 -1 -1.6843 642.7433 173.3457 675.3504 200.8233 1.6195 1.6071 3.5023 2.9452 1.6513 44.3749 -1.6181 5.6616
Car -1 -1 0.3128 383.4115 177.9745 506.7264 222.5288 1.5407 1.6104 4.0601 -5.9697 1.7336 26.1542 0.0884 5.0729
Car -1 -1 0.0391 495.5557 175.3629 549.3769 197.7317 1.4503 1.5167 3.4899 -5.8059 1.6203 47.8789 -0.0815 4.8550
Car -1 -1 3.2715 429.6745 174.2657 520.5431 208.8857 1.4985 1.5941 3.8127 -6.0039 1.5636 32.2004 3.0872 4.3337
Car -1 -1 -2.8867 423.9216 180.1374 527.0032 218.7150 1.4588 1.5658 3.7350 -5.3179 1.7564 28.5387 -3.0709 1.7010
Car -1 -1 0.3387 280.9742 160.9219 441.9217 220.4311 1.6267 1.6403 4.0203 -7.0406 1.3009 20.5584 0.0087 1.6258
Car -1 -1 -1.1522 463.5755 156.3099 495.1754 172.3751 1.4682 1.5586 3.7143 -12.3019 -0.0461 68.0446 -1.3311 -0.1901
