Car -1 -1 -1.7684 710.0130 186.2070 831.7901 272.4928 1.4356 1.6088 3.9424 3.0366 1.7426 14.5909 -1.5632 12.3229
Car -1 -1 -2.0379 811.2618 201.7005 1241.0000 374.0000 1.3815 1.5746 3.7554 2.7625 1.6740 5.4235 -1.5668 12.0838
Car -1 -1 0.4573 94.7547 179.0941 400.9394 279.3549 1.5235 1.6306 4.2243 -5.8429 1.6336 11.8781 0.0001 10.7598
Car -1 -1 1.6754 535.2054 178.3213 582.0927 216.5534 1.4449 1.5430 3.7499 -2.0963 1.6848 29.7101 1.6049 9.9986
Car -1 -1 0.7572 0.0000 169.8170 252.7414 369.5552 1.6052 1.6912 4.4539 -6.0114 1.5811 6.6985 0.0258 9.5017
Car -1 -1 -1.6994 656.2155 175.4456 705.3532 214.4502 1.6735 1.7065 4.3583 3.1697 1.8020 33.4555 -1.6050 9.3498
Car -1 -1 0.4586 207.0532 183.8425 439.1713 264.1881 1.4948 1.6079 4.0959 -5.7786 1.7332 14.6581 0.0831 8.8659
Car -1 -1 3.3514 317.2763 176.7342 478.0234 233.7384 1.5601 1.6540 4.2051 -6.0771 1.6779 20.8570 3.0679 8.1124
Car -1 -1 3.7321 0.0000 163.6062 266.8733 299.9101 1.5853 1.5885 3.7258 -6.6964 1.4781 9.2503 3.1055 4.8377
Car -1 -1 1.5094 636.0973 176.4203 655.6508 193.0582 1.4796 1.5677 3.9762 3.2863 1.8210 67.0152 1.5584 1.5799
Car -1 -1 -0.2009 712.3846 174.1057 775.0117 195.0933 1.4828 1.6418 4.1877 9.5624 1.5748 51.9384 -0.0188 1.0765
Car -1 -1 1.7026 492.5287 164.7687 527.7149 189.8609 1.5007 1.6542 4.1575 -6.2433 1.0175 45.2343 1.5654 0.7306
Car -1 -1 1.6972 512.8030 176.0903 547.8358 202.4293 1.4679 1.5859 3.8486 -4.6948 1.6682 42.6240 1.5875 -0.6644
