Car -1 -1 1.8247 414.6370 188.3198 477.8099 231.9285 1.4883 1.5378 3.4588 -6.2380 2.1183 27.6189 1.6025 10.9270
Car -1 -1 -1.7150 651.6086 175.0867 702.6015 213.9091 1.5650 1.6386 3.9587 2.8058 1.6686 31.3380 -1.6257 10.4667
Car -1 -1 -0.9315 35.9686 203.5316 121.8214 238.8105 1.4821 1.5710 3.5337 -25.8170 3.0528 35.1614 -1.5648 7.3903
Car -1 -1 -1.0565 131.4480 198.4797 212.8579 235.4157 1.5260 1.6319 3.8703 -20.8555 2.8207 34.4836 -1.6004 7.3148
Car -1 -1 1.7638 448.3716 186.0910 501.2772 222.7055 1.5148 1.6380 4.1870 -6.2333 2.1677 33.4672 1.5796 6.7453
Car -1 -1 -1.0314 86.7459 202.4223 166.3602 237.1139 1.4515 1.5741 3.6568 -23.5424 2.9721 35.2304 -1.6205 5.9561
Car -1 -1 2.4485 0.0000 226.0130 98.2738 374.0000 1.4825 1.6460 4.2524 -5.9497 2.0090 5.0074 1.5773 4.2498
Car -1 -1 1.7061 483.6613 180.4567 521.3341 210.9056 1.6335 1.6314 3.9948 -6.1976 2.0946 41.7154 1.5586 4.2401
Car -1 -1 -1.1288 188.2104 199.4485 259.4453 234.7459 1.4486 1.5846 3.6157 -18.2704 2.7787 34.2317 -1.6191 3.9665
Car -1 -1 -0.3554 874.4936 154.6113 923.8310 170.4711 1.4686 1.6059 4.0013 27.1727 -0.2268 67.9190 0.0251 1.1536
Car -1 -1 -1.8522 825.1851 161.1528 860.9168 180.7626 1.4812 1.6019 4.0296 18.1855 0.5977 56.5351 -1.5410 -0.0228
Car -1 -1 -1.7508 747.8401 160.9946 774.4403 178.9631 1.4770 1.5550 3.7619 12.7641 0.5025 61.2071 -1.5452 -0.0554
Car -1 -1 1.5288 781.3295 169.7566 840.1949 220.6509 1.4858 1.6310 4.1944 6.3440 1.3958 23.2880 1.7947 -0.7565
