Car -1 -1 -1.3935 411.3673 185.0563 512.3532 253.4710 1.4343 1.6347 4.1796 -3.3844 1.4321 17.1709 -1.5881 11.5566
Car -1 -1 -1.4436 469.7576 178.1571 533.5038 227.6758 1.5052 1.5959 3.9879 -3.4744 1.2917 23.8540 -1.5883 11.3248
Car -1 -1 -1.5529 556.9427 173.2699 624.8100 241.8832 1.6156 1.5983 3.3752 -0.4551 1.3355 18.6156 -1.5774 10.9208
Car -1 -1 -1.4590 499.9553 173.1132 547.0839 213.0807 1.6215 1.6032 3.8703 -3.6167 1.1316 31.0990 -1.5748 4.1202
Car -1 -1 -1.4061 462.8088 174.2855 495.1556 196.1778 1.4568 1.5973 3.8442 -8.8926 0.7306 49.7631 -1.5830 2.8867
Car -1 -1 1.3919 616.0113 178.3240 649.3941 201.1451 1.4741 1.5926 3.7821 1.6176 1.0301 48.4175 1.4253 0.5808
Car -1 -1 -1.5409 525.4571 173.5352 557.1122 202.6841 1.5090 1.6066 3.7523 -3.6058 0.9054 39.1327 -1.6328 0.5091
Car -1 -1 1.7415 492.9129 171.0220 516.9518 187.6486 1.4909 1.5712 3.8348 -9.4735 0.2193 66.3933 1.5997 0.1732
Car -1 -1 2.0053 77.2757 199.3108 413.9440 375.0000 1.4716 1.5768 3.7533 -3.3735 1.6559 7.4539 1.5803 -0.5710
Car -1 -1 -1.7773 649.5209 163.0428 680.8090 184.5533 1.5560 1.6052 3.7507 4.2633 -0.0505 54.0791 -1.6987 -0.7682
