Car -1 -1 -1.8033 698.9418 170.2879 854.3552 286.6161 1.7388 1.7227 4.1212 2.7004 1.7008 12.8644 -1.5964 12.8215
Car -1 -1 3.6307 72.8974 187.0714 375.4409 283.0385 1.5031 1.6491 4.3162 -6.5049 1.7640 12.3829 3.1470 11.2548
Car -1 -1 -2.4016 0.0000 186.1777 221.1817 349.8595 1.4974 1.6637 4.0738 -6.6408 1.6547 7.6200 -3.1184 10.3508
Car -1 -1 0.5472 0.0000 183.7977 331.5168 306.1474 1.5261 1.6058 4.1455 -6.2886 1.6905 9.9803 -0.0151 10.1358
Car -1 -1 -1.7097 662.1167 179.1193 728.8739 231.6817 1.5568 1.6339 3.9789 2.6910 1.7818 23.8580 -1.5974 9.0452
Car -1 -1 0.3220 285.7969 167.6787 469.2837 239.2894 1.8457 1.7363 4.3951 -6.2216 1.7127 19.4910 0.0130 8.0339
Car -1 -1 -1.6888 640.9701 178.0304 681.3207 209.4907 1.4479 1.5602 3.6610 2.4417 1.7177 35.6869 -1.6204 7.1193
Car -1 -1 -1.7630 677.9025 183.1587 769.0243 251.3286 1.5029 1.5880 3.6534 2.7208 1.7916 18.3275 -1.6156 7.0663
Car -1 -1 3.4592 261.0393 176.2628 426.9549 247.3371 1.6018 1.5510 3.3902 -6.2847 1.6872 17.1699 3.1083 6.9428
Car -1 -1 3.5274 184.3449 183.5822 393.5134 261.7515 1.4995 1.5875 3.6208 -6.5670 1.7343 14.9166 3.1126 6.8932
Car -1 -1 -2.8923 379.6052 174.0102 491.6572 221.2751 1.6755 1.6195 3.7087 -6.3752 1.7196 26.4496 -3.1289 6.8136
Car -1 -1 -1.6814 629.4669 174.6833 661.6002 201.4011 1.6471 1.6506 3.9060 2.2290 1.7710 46.7525 -1.6337 5.7026
Car -1 -1 1.2979 836.1142 163.3281 880.9885 188.1361 1.4758 1.6142 4.0106 15.3952 0.9095 44.9679 1.6277 1.4527
Car -1 -1 -1.6240 680.1726 167.7421 703.0084 189.0287 1.9552 1.8800 5.3605 7.7422 1.4861 69.0037 -1.5122 0.9684
Car -1 -1 -2.5907 475.5693 178.7308 544.6144 203.8631 1.4777 1.6173 3.9763 -6.2220 1.8545 44.6782 -2.7290 -0.7970
