Car -1 -1 -1.7061 676.9493 172.5834 760.8561 237.1930 1.5408 1.6400 4.1205 2.7406 1.5347 19.2691 -1.5648 10.4876
Car -1 -1 -1.4827 536.2908 171.7532 574.3181 204.9143 1.6548 1.6653 3.8074 -2.8614 1.6003 37.9186 -1.5580 9.8757
Car -1 -1 -1.7552 708.4068 137.3312 854.0604 268.6628 2.0785 1.8292 4.3690 2.9600 1.5167 13.6271 -1.5413 9.6910
Car -1 -1 -1.6968 656.1303 172.4849 706.7765 211.9258 1.5551 1.6302 3.9229 2.9047 1.5409 30.4317 -1.6017 7.4092
Car -1 -1 -1.6941 667.8011 173.4619 730.7860 224.0412 1.5733 1.6353 3.8288 2.8923 1.5958 24.4057 -1.5761 5.3203
Car -1 -1 -1.6434 644.1139 171.7972 673.8530 197.1601 1.5802 1.6464 3.8260 3.1116 1.5147 46.8706 -1.5771 5.1592
Car -1 -1 1.4292 701.9091 153.1800 725.3134 169.9532 1.4863 1.5811 4.0361 9.5196 -0.2757 66.6522 1.5711 1.2959
Car -1 -1 -1.7174 697.5161 160.2847 730.1628 183.2332 1.4835 1.5974 4.0469 6.9287 0.6713 48.6683 -1.5760 0.6166
Car -1 -1 -1.6016 677.9323 159.6994 695.1779 175.0383 1.4541 1.5574 3.4989 7.4100 0.2074 70.1997 -1.4964 -0.1548
Car -1 -1 -1.5958 658.5180 171.5580 690.9128 202.2548 1.5475 1.6097 3.7034 3.3537 1.4826 38.2710 -1.5084 -0.8295
