Car -1 -1 -1.8415 725.0071 179.2714 858.5001 265.2902 1.5011 1.6240 3.9506 3.5217 1.6517 14.8926 -1.6093 13.8574
Car -1 -1 -1.9220 790.1942 182.0216 1026.8283 329.9949 1.4998 1.6005 3.5927 3.5142 1.6417 9.3373 -1.5620 13.3776
Car -1 -1 1.8479 377.4511 179.9914 469.4424 240.5005 1.4705 1.5520 3.3893 -5.0227 1.6822 19.6513 1.5977 13.0583
Car -1 -1 -1.7546 709.0147 176.7959 790.6066 237.2154 1.5453 1.6031 3.7194 3.8308 1.6681 20.5543 -1.5704 9.3422
Car -1 -1 1.8054 427.0737 175.9142 499.5349 226.9479 1.5703 1.5828 3.6362 -4.8891 1.6814 24.2650 1.6066 8.6452
Car -1 -1 -2.3260 933.0148 196.9853 1241.0000 374.0000 1.5175 1.5761 3.8607 3.3752 1.7122 3.8497 -1.6062 7.6230
Car -1 -1 2.4596 0.0000 209.0399 125.4265 374.0000 1.4866 1.6460 4.3865 -4.9463 1.7931 3.8965 1.5561 6.0311
Car -1 -1 -1.7254 738.6417 158.0649 777.0790 186.6915 1.5768 1.6172 3.6686 8.4430 0.7625 41.6088 -1.5252 3.7499
Car -1 -1 -0.7379 1162.7754 170.6733 1241.0000 226.6022 1.4791 1.5969 4.1242 17.8621 1.4218 19.8906 -0.0062 2.6166
Car -1 -1 0.7284 0.0000 140.4372 84.1157 168.8190 1.4782 1.5954 3.8290 -30.7310 -0.2214 38.7411 0.0577 0.7867
Car -1 -1 1.8543 407.4923 158.6936 456.4800 186.3246 1.5026 1.6281 4.1544 -10.1661 0.7329 41.3438 1.6132 0.0312
