Car -1 -1 -2.0291 810.8638 198.6961 1241.0000 374.0000 1.4231 1.5456 3.4742 2.7947 1.6903 5.7063 -1.5736 13.4002
Car -1 -1 0.6997 0.0000 173.6754 285.8942 335.0799 1.6213 1.6530 4.3220 -6.2536 1.6321 8.1821 0.0471 12.4745
Car -1 -1 -0.4590 880.0055 177.9205 1208.9815 287.2636 1.4964 1.5868 3.9625 6.2888 1.5796 10.8775 0.0652 11.7300
Car -1 -1 3.5487 95.4013 183.9955 383.8875 272.8474 1.4611 1.6596 4.3468 -6.5648 1.6779 13.0583 3.0829 10.2455
Car -1 -1 -0.3598 791.5683 183.7789 980.8244 252.9610 1.4562 1.5630 3.6553 6.0576 1.7141 16.2190 -0.0024 9.4834
Car -1 -1 -0.4238 838.9800 184.0353 1096.6511 270.3235 1.4513 1.6112 3.9105 6.3464 1.6695 13.2063 0.0242 8.9863
Car -1 -1 2.7867 738.0666 178.8615 893.1021 235.4540 1.5708 1.6071 4.0756 5.9260 1.7558 21.1990 3.0593 8.9001
Car -1 -1 3.4061 282.5583 173.5687 446.7034 235.2436 1.6318 1.6663 4.0259 -6.7630 1.6530 20.0637 3.0810 8.1399
Car -1 -1 3.7130 0.0000 174.6365 296.0529 289.2814 1.5769 1.5782 3.6838 -6.9107 1.6057 10.7362 3.1411 8.0291
Car -1 -1 -0.3171 713.3579 184.3082 859.0047 229.7449 1.4258 1.6659 4.4387 5.7898 1.8259 24.1616 -0.0819 7.9023
Car -1 -1 -2.6886 187.9175 177.1034 411.0231 255.3269 1.5780 1.6325 4.1267 -6.6423 1.6755 15.5702 -3.0918 7.6704
Car -1 -1 0.9156 0.0000 180.1089 150.0171 374.0000 1.6077 1.5760 3.9566 -6.2910 1.6783 5.9863 0.1054 5.7378
Car -1 -1 -1.3479 298.1377 161.7522 334.6185 185.8527 1.6322 1.6192 3.6197 -20.6455 0.8807 50.7791 -1.7340 1.6937
