Car -1 -1 -1.7919 697.0912 170.9774 799.0526 240.4574 1.4658 1.5755 3.6428 3.0916 1.4265 17.0716 -1.6127 14.4856
Car -1 -1 -1.9903 776.3538 173.9290 1070.6722 343.1482 1.5280 1.6240 3.8722 3.2608 1.5440 8.5147 -1.6246 12.8447
Car -1 -1 2.2458 0.0000 198.5034 289.8849 374.0000 1.4622 1.6411 4.2142 -5.6010 1.8329 8.2486 1.6493 12.3825
Car -1 -1 1.8144 391.3348 175.7417 468.5405 229.3683 1.5755 1.5991 3.5122 -5.7274 1.6755 23.1411 1.5718 11.1177
Car -1 -1 0.6457 1021.1565 186.7998 1241.0000 374.0000 1.5803 1.5938 3.6422 3.4195 1.6704 2.7887 1.5323 11.0212
Car -1 -1 -1.8016 679.3157 170.8864 755.5680 223.9344 1.5078 1.5542 3.4973 3.1889 1.4522 22.3165 -1.6597 8.0322
Car -1 -1 1.7409 438.3840 177.6947 493.1339 217.8519 1.4492 1.5305 3.4958 -5.6194 1.6508 28.2294 1.5444 5.5702
Car -1 -1 0.5075 100.4191 169.2650 247.2580 213.3888 1.4687 1.6113 4.0665 -15.0032 1.3496 24.8905 -0.0350 5.4501
Car -1 -1 2.0388 260.3817 163.6428 326.0473 193.7967 1.4372 1.5609 3.6041 -15.8652 0.9985 36.2293 1.6260 3.6339
Car -1 -1 -1.7179 676.8470 173.5815 732.8905 214.5950 1.4728 1.5842 3.8645 3.5547 1.5032 27.9241 -1.5913 2.1204
Car -1 -1 -1.8585 805.9287 152.9767 838.6555 170.7361 1.4903 1.6350 4.1317 18.5003 -0.1910 63.1074 -1.5733 0.9929
Car -1 -1 -1.8444 806.8318 154.4676 850.9355 179.5672 1.4965 1.5930 4.0437 13.5736 0.4006 45.0536 -1.5518 -0.4341
