Car -1 -1 1.9708 222.0432 194.8277 373.4266 283.2627 1.4926 1.5550 3.6416 -6.3099 2.0023 14.9014 1.5702 12.7180
Car -1 -1 -1.6895 672.4661 180.2752 743.4056 236.8774 1.4981 1.6262 3.8757 2.7830 1.7401 21.5498 -1.5611 12.5814
Car -1 -1 -3.6785 890.2496 166.3526 1166.4552 245.3586 1.4879 1.7028 4.5808 8.1970 1.3658 14.4871 -3.1636 11.1215
Car -1 -1 2.1642 0.0000 216.6187 310.1704 374.0000 1.4070 1.5136 3.3497 -3.7620 1.8405 5.4549 1.5604 10.1184
Car -1 -1 2.7851 788.0664 161.7772 937.4929 214.1699 1.6598 1.6843 4.3253 8.1943 1.3092 23.7498 3.1174 9.4830
Car -1 -1 -3.5751 845.3891 152.7125 1066.5541 229.3077 1.7820 1.7475 4.5757 8.2891 1.3138 17.6698 -3.1364 8.5287
Car -1 -1 -1.3075 396.3681 183.2105 471.3870 230.8925 1.5270 1.6278 4.0469 -6.2959 1.9305 26.0367 -1.5448 8.0203
Car -1 -1 1.7648 468.2432 182.7196 512.5817 214.8338 1.5241 1.5787 3.6818 -6.1554 2.0593 37.2493 1.6010 6.8475
Car -1 -1 -0.7218 1148.9596 147.0060 1241.0000 188.8281 1.5033 1.6751 4.3125 22.7519 0.5745 26.8092 -0.0181 4.7201
Car -1 -1 1.2734 216.8286 168.7205 296.2547 213.2268 1.5475 1.5871 3.9159 -13.3465 1.4042 27.0549 0.8152 3.9717
Car -1 -1 1.7087 522.0107 182.2287 547.0628 200.8091 1.4642 1.5841 3.8711 -6.3484 2.2799 60.7962 1.6047 1.5778
Car -1 -1 -3.2500 706.6236 170.9075 765.4510 192.9911 1.4863 1.6157 3.8196 8.5772 1.3556 49.4860 -3.0784 1.3527
Car -1 -1 1.8251 490.3024 173.1131 515.7103 188.6239 1.4724 1.5807 3.6834 -10.4364 1.4988 70.4718 1.6780 0.8841
Car -1 -1 -1.3541 434.0691 172.4893 471.1583 195.5646 1.4678 1.6002 3.9149 -10.4186 1.4449 47.8516 -1.5685 0.7578
Car -1 -1 1.8978 444.1235 166.7969 479.4492 185.3855 1.4988 1.6360 4.1920 -12.3732 1.0108 60.3564 1.6956 0.5567
Car -1 -1 1.7171 481.0960 184.0327 518.0453 211.4112 1.4825 1.6015 3.9540 -6.5135 2.1746 42.6668 1.5656 0.5509
Car -1 -1 1.8355 426.1375 149.8881 463.9662 173.2499 1.6060 1.6610 3.9587 -11.7766 0.0276 51.6112 1.6112 -0.4146
