Car -1 -1 0.4903 1.9556 179.7954 372.7959 295.2101 1.5513 1.6764 4.4973 -6.0927 1.6633 10.7027 -0.0272 14.2990
Car -1 -1 -1.7100 675.7491 181.7462 765.4085 248.3832 1.4747 1.6743 4.3090 2.6835 1.7321 18.6979 -1.5675 13.0172
Car -1 -1 0.3719 161.9088 175.2660 403.4854 253.6228 1.5388 1.6226 4.3241 -6.7659 1.5929 15.1388 -0.0484 10.0017
Car -1 -1 -0.1646 750.4780 180.9718 871.5336 225.8624 1.3875 1.5574 3.6031 6.4506 1.6643 23.6043 0.1022 9.4676
Car -1 -1 0.2307 311.1564 177.7560 475.7226 234.3612 1.4806 1.6018 4.1001 -5.9308 1.6227 19.9480 -0.0583 8.9425
Car -1 -1 -0.1328 668.5872 177.1130 732.2356 201.2603 1.5547 1.6249 3.9822 5.8963 1.8409 47.5786 -0.0095 7.7284
Car -1 -1 3.5726 80.8554 175.1795 330.9296 266.0391 1.5134 1.5839 3.5958 -7.1659 1.5586 12.9844 3.0683 4.8408
Car -1 -1 -1.6547 630.6615 176.3598 652.8577 194.1287 1.4600 1.5854 3.8158 2.6777 1.7709 61.9849 -1.6116 3.8946
Car -1 -1 3.9823 0.0000 182.5568 124.2840 374.0000 1.5533 1.6352 4.0623 -6.1444 1.6352 5.1844 3.1124 3.6033
Car -1 -1 3.2590 468.7815 171.1207 537.4310 199.1516 1.6085 1.6315 3.8150 -6.2557 1.5094 42.2739 3.1121 3.2016
Car -1 -1 3.1286 424.1700 176.2039 518.1691 210.5398 1.4660 1.6065 4.0239 -6.2274 1.6216 32.2310 2.9377 1.6787
Car -1 -1 3.3881 483.8008 175.1734 547.8097 198.4509 1.4882 1.5810 3.8974 -6.1868 1.6440 47.3413 3.2582 0.7994
Car -1 -1 0.0660 514.3572 170.0096 565.9419 190.4815 1.6413 1.6348 4.0811 -5.6779 1.4136 58.7254 -0.0304 -0.2659
