Car -1 -1 1.9785 212.7176 196.3968 389.3503 295.3326 1.5009 1.6243 4.0857 -5.7885 2.0244 13.9759 1.5858 14.1810
Car -1 -1 1.8862 336.5903 191.4220 441.3401 256.0654 1.4641 1.5828 3.7676 -5.8355 2.0109 19.3317 1.5930 10.6621
Car -1 -1 1.8250 397.0826 189.5097 473.3200 238.2965 1.4215 1.5912 3.7382 -5.8080 2.0238 24.1899 1.5893 10.6540
Car -1 -1 1.7605 444.3204 185.8108 498.7521 225.2980 1.4777 1.5462 3.7811 -5.7528 2.0531 30.1306 1.5719 8.7019
Car -1 -1 1.7545 481.1956 182.7288 526.0477 214.6375 1.5242 1.6161 4.0164 -5.5430 2.0693 37.7613 1.6087 7.5453
Car -1 -1 -3.4507 808.7538 156.5386 943.5396 201.2719 1.5537 1.6621 4.2459 9.4520 0.9874 25.9731 -3.1017 6.8342
Car -1 -1 -3.4726 801.9305 152.5325 921.3539 195.6788 1.6561 1.6450 4.1458 9.8356 0.8764 28.5164 -3.1405 4.6629
Car -1 -1 -2.0850 955.2338 151.7230 1025.3460 182.6293 1.5239 1.6169 3.6633 19.6048 0.4824 37.4307 -1.6026 4.6194
Car -1 -1 1.7167 502.7667 184.0606 537.4932 211.0528 1.5113 1.5749 3.6802 -5.4446 2.2208 43.7969 1.5930 3.7332
Car -1 -1 1.4287 662.2324 174.2620 713.1482 212.3463 1.5722 1.6604 4.1630 3.3389 1.6393 32.0523 1.5325 3.6147
Car -1 -1 1.7025 439.7526 172.8739 471.7573 196.0155 1.4607 1.5700 3.8587 -10.1478 1.4624 47.5293 1.4922 3.5396
Car -1 -1 0.8317 381.9673 171.1739 447.0778 198.1337 1.5483 1.6001 3.8187 -11.7360 1.4522 43.1349 0.5660 3.0926
Car -1 -1 2.8614 742.8309 164.8080 839.6843 197.8246 1.5106 1.6355 4.1205 8.4285 1.1429 33.9028 3.1050 2.6890
Car -1 -1 2.7903 777.9356 162.6857 877.3064 198.5176 1.4930 1.5650 3.7728 9.2508 1.0697 30.9569 3.0807 1.4941
Car -1 -1 -1.2374 263.0501 189.3540 294.4349 206.2633 1.4606 1.5755 3.6596 -31.1610 3.0576 67.9214 -1.6675 0.7279
