Car -1 -1 -1.7184 690.5351 185.1753 773.9389 250.4799 1.5052 1.6252 3.7801 3.1028 1.8667 19.2444 -1.5585 14.1287
Car -1 -1 1.7616 477.6442 184.4542 527.1594 220.8719 1.5931 1.6505 3.9179 -5.1661 2.1854 34.8241 1.6143 10.7911
Car -1 -1 -1.6906 670.6710 182.1549 733.7693 232.7220 1.5551 1.6631 4.1590 3.0644 1.9050 25.0337 -1.5688 9.7785
Car -1 -1 -2.3323 949.2777 209.1929 1241.0000 374.0000 1.4210 1.5691 3.9276 3.5366 1.7186 3.9157 -1.5977 9.1518
Car -1 -1 -3.0277 964.9890 167.2064 1156.6841 234.8212 1.5338 1.6273 3.9532 11.2642 1.4060 18.2272 -2.4741 7.5868
Car -1 -1 2.3672 0.0000 214.6044 166.1490 374.0000 1.4625 1.6241 3.8731 -5.0132 1.8544 4.8199 1.5622 6.9957
Car -1 -1 1.7046 500.7244 183.6458 540.2974 215.3212 1.6048 1.6459 4.1048 -4.9432 2.2346 40.0195 1.5817 6.8439
Car -1 -1 -2.9005 865.1745 171.8279 1003.4481 218.9430 1.4772 1.5756 4.0200 10.8987 1.4454 24.4750 -2.4816 3.5016
Car -1 -1 1.2101 419.9560 174.1023 463.8431 198.4040 1.5937 1.6498 3.9413 -11.6281 1.6836 49.6283 0.9799 3.2706
Car -1 -1 -1.6018 656.6945 179.0968 680.7780 201.7151 1.5771 1.6491 3.9461 4.2888 2.0572 53.4296 -1.5217 3.2221
Car -1 -1 1.8921 328.3322 184.1087 381.0496 213.0758 1.4784 1.5846 4.0614 -14.2761 2.1417 40.4552 1.5529 1.1622
Car -1 -1 0.0186 942.4804 169.5647 1112.5779 225.3009 1.4714 1.6372 4.1000 11.8775 1.3849 20.7978 0.5375 0.9327
Car -1 -1 0.5151 204.7343 193.6799 259.2427 212.7056 1.4595 1.5690 3.5754 -30.4015 3.1592 58.0325 0.0325 -0.7592
