Car -1 -1 -1.8696 782.8814 182.8860 962.4156 302.6577 1.5343 1.5931 3.6522 3.8671 1.7189 11.3977 -1.5425 14.7830
Car -1 -1 1.8475 348.1644 186.2135 463.9175 262.7841 1.4779 1.5714 3.6932 -4.5449 1.8166 16.4218 1.5775 13.7743
Car -1 -1 -1.7762 733.9990 181.1775 835.6787 254.4946 1.4953 1.5705 3.7122 3.9413 1.7135 17.0112 -1.5486 10.8359
Car -1 -1 -1.7516 703.0852 181.2590 781.1879 234.3489 1.4322 1.6232 4.0890 3.9023 1.7147 22.1614 -1.5773 10.3838
Car -1 -1 -2.1581 877.3758 186.8335 1241.0000 374.0000 1.5686 1.5539 3.5359 3.8140 1.7276 6.3833 -1.6195 9.4499
Car -1 -1 1.8034 427.5208 186.8067 506.1125 239.5944 1.4112 1.5543 3.6817 -4.3427 1.8760 22.1444 1.6097 8.6294
Car -1 -1 1.7636 466.5334 183.3470 528.3627 225.3823 1.4225 1.5879 3.9787 -4.2402 1.8513 27.4408 1.6103 8.3285
Car -1 -1 1.7235 534.4044 177.4002 570.4395 204.8414 1.5591 1.6120 3.8023 -3.4664 1.8465 43.5951 1.6442 7.4989
Car -1 -1 -1.6827 695.1183 177.7897 748.7366 223.6608 1.5935 1.5989 3.5632 4.1191 1.7928 27.2630 -1.5327 6.3897
Car -1 -1 -1.6802 683.8610 177.2928 721.1440 209.3053 1.5930 1.5672 3.5808 4.8151 1.8394 38.2039 -1.5548 4.3094
Car -1 -1 -1.6862 687.8557 177.1674 734.7295 214.9640 1.5914 1.6493 4.0077 4.5078 1.8003 32.8589 -1.5498 3.3723
Car -1 -1 -1.0270 329.9570 155.9106 369.4244 172.8472 1.4580 1.5937 3.7418 -23.1031 -0.0003 64.1052 -1.3729 1.6512
Car -1 -1 -1.8103 891.7151 175.1593 935.3147 200.9323 1.4737 1.5601 3.8193 18.2565 1.6198 43.6212 -1.4139 0.5322
Car -1 -1 -1.6510 722.7866 169.5023 743.8370 186.1980 1.4448 1.5661 3.5264 10.9360 1.1551 64.2637 -1.4824 0.2020
Car -1 -1 1.6409 550.2223 178.0904 578.9193 201.6689 1.4865 1.6389 4.1714 -3.0431 1.8541 48.5072 1.5783 -0.0347
