Car -1 -1 -1.2358 304.4932 183.0543 396.9869 234.9118 1.5074 1.5714 3.8823 -8.0834 1.4457 22.8375 -1.5760 11.7168
Car -1 -1 -1.5713 574.1468 178.4734 609.4063 211.3771 1.5267 1.6366 3.7562 -0.8199 1.2150 35.2476 -1.5946 9.5956
Car -1 -1 -0.8433 0.0000 194.1535 71.5394 290.4448 1.4554 1.6241 4.1314 -12.3178 1.6481 13.3279 -1.5894 9.2157
Car -1 -1 -0.7202 0.0000 201.4670 198.4337 375.0000 1.4571 1.6275 4.2103 -3.8014 1.5773 3.1314 -1.6019 7.8705
Car -1 -1 -1.1253 103.4885 135.0964 334.3757 275.8882 2.3878 1.9993 5.4222 -7.6846 1.5389 14.9277 -1.6007 6.5472
Car -1 -1 -1.3715 406.7978 146.9748 518.6782 242.3806 2.3337 2.0050 5.5983 -3.9404 1.3994 20.3872 -1.5624 2.3837
Car -1 -1 -1.3930 381.3205 181.0301 417.0999 205.3665 1.4829 1.5733 3.5977 -13.2281 1.2290 45.6705 -1.6749 2.1311
Car -1 -1 -1.5683 506.0514 160.9069 543.4712 202.3978 1.8910 1.6993 4.1424 -4.0593 0.7842 34.9126 -1.6840 1.6926
Car -1 -1 1.5753 612.9032 162.7938 635.6423 184.5122 1.5601 1.6380 4.1426 1.2269 -0.0536 53.8624 1.5981 0.5760
Car -1 -1 -1.5221 539.5043 169.4024 565.1451 194.4578 1.8384 1.7456 4.3712 -4.2151 0.6793 54.9514 -1.5987 -0.5561
Car -1 -1 -1.3048 368.2011 166.1358 406.5150 188.5912 1.5752 1.6529 4.1160 -16.0618 0.2379 52.5035 -1.6017 -0.6557
