Car -1 -1 -1.7984 695.5187 181.6503 816.6924 271.5696 1.5256 1.5494 3.6644 2.7278 1.7251 14.4664 -1.6121 12.0286
Car -1 -1 -1.8625 746.8579 166.5235 1013.6411 365.9358 1.7795 1.6911 4.0452 2.7440 1.7234 8.4764 -1.5494 11.9738
Car -1 -1 3.7343 0.0000 186.9494 297.0311 336.5548 1.5854 1.6695 4.2880 -6.3485 1.7741 8.7271 3.1054 11.5392
Car -1 -1 0.8298 0.0000 180.0009 178.2951 374.0000 1.6937 1.6514 4.0793 -6.2013 1.7630 6.0579 0.0327 9.7662
Car -1 -1 -1.7250 662.1206 175.3800 728.6541 229.4012 1.6202 1.6154 3.5670 2.6699 1.7096 23.6231 -1.6125 9.4137
Car -1 -1 -2.5812 5.2659 193.0477 337.2145 301.7262 1.5040 1.6561 4.1600 -6.6743 1.8418 11.1816 -3.1193 8.0674
Car -1 -1 -1.6521 644.7210 177.8513 679.4045 208.4939 1.4888 1.5134 3.3238 2.6125 1.7589 37.2688 -1.5822 7.2938
Car -1 -1 0.1312 441.6784 178.3143 532.4459 211.8967 1.5618 1.6522 4.1294 -5.9029 1.8320 34.7486 -0.0371 6.9806
Car -1 -1 0.2156 422.4480 180.5295 518.4243 215.3257 1.5133 1.5798 4.0116 -6.2942 1.8692 32.5859 0.0248 6.2837
Car -1 -1 3.3455 361.4954 168.7840 480.2443 210.6556 1.5230 1.6103 4.0817 -7.0862 1.3754 27.1515 3.0902 4.9092
Car -1 -1 -1.6589 658.9459 168.0977 683.4735 186.6693 1.4633 1.6388 4.0394 4.9364 1.0889 58.8729 -1.5753 2.8349
Car -1 -1 -1.5516 626.4228 172.6944 643.2833 188.0287 1.4718 1.5913 3.9259 2.4606 1.4569 71.2560 -1.5171 1.9310
Car -1 -1 1.9656 395.8782 158.9549 426.7301 175.2122 1.5229 1.5972 3.6181 -19.1162 0.2213 69.4833 1.6971 1.4618
Car -1 -1 -0.0783 664.3236 174.0047 734.3729 203.5985 1.7026 1.6673 3.9730 5.1844 1.7722 42.4979 0.0431 1.1994
Car -1 -1 1.3111 678.3845 161.0031 704.4291 176.4794 1.4748 1.6083 3.8145 7.9353 0.3458 70.7611 1.4228 -0.0887
Car -1 -1 1.7043 534.4521 178.2439 561.2274 197.5805 1.4809 1.6390 4.0503 -5.0246 1.9335 58.4689 1.6185 -0.6850
