Car -1 -1 -2.5645 0.0000 176.1128 324.2471 277.5224 1.4575 1.6567 4.4267 -7.0655 1.5128 11.2916 -3.1236 13.6923
Car -1 -1 -1.7649 730.8661 187.3154 895.1737 320.7592 1.4543 1.4887 3.3792 2.5538 1.6890 9.9644 -1.5140 12.4595
Car -1 -1 1.7559 438.4780 176.0522 538.8141 253.0815 1.6278 1.6587 4.0733 -2.8479 1.7147 17.4714 1.5943 11.7104
Car -1 -1 1.5428 645.7655 177.5327 675.7009 204.8125 1.5022 1.6364 3.9560 2.9077 1.7907 42.4272 1.6112 6.9390
Car -1 -1 -1.4564 508.2062 180.8143 565.3164 227.4643 1.4751 1.5773 3.7340 -2.5425 1.7757 25.3321 -1.5564 6.3813
Car -1 -1 -1.9601 804.1536 192.9174 1235.4127 374.0000 1.4791 1.5144 2.9789 2.4325 1.6660 5.1826 -1.5213 5.6061
Car -1 -1 1.6546 573.8360 172.1142 597.5644 192.5253 1.6648 1.6562 4.2646 -2.0433 1.6048 61.0183 1.6211 5.1528
Car -1 -1 1.6493 546.9504 174.2359 570.8163 194.3129 1.5504 1.6104 3.9386 -4.0985 1.6655 57.9624 1.5787 1.5315
Car -1 -1 -2.8971 396.0715 169.1930 507.3233 209.5692 1.5435 1.6398 4.0093 -6.2281 1.4039 28.4587 -3.1126 1.4677
Car -1 -1 -1.5773 644.5520 171.7952 664.4832 190.9196 1.5480 1.6114 3.8350 3.6858 1.4626 60.3595 -1.5163 -0.3021
