Car -1 -1 -1.7352 648.9934 175.2242 734.5235 236.2784 1.4558 1.6267 3.9453 2.0340 1.5264 19.3759 -1.6306 13.8136
Car -1 -1 3.6325 94.4967 183.2400 370.9092 266.6696 1.4634 1.6535 4.4061 -7.0785 1.6737 13.7264 3.1564 11.0566
Car -1 -1 3.5210 205.2322 183.6801 418.3079 252.2104 1.4391 1.6184 4.1274 -6.6403 1.6955 16.2376 3.1328 10.7958
Car -1 -1 -0.8161 1006.1949 140.7599 1241.0000 374.0000 1.7937 1.7374 4.2617 5.9068 1.5642 6.1399 -0.0501 9.3650
Car -1 -1 0.3798 276.4649 173.6953 439.8772 232.5834 1.6807 1.6897 4.2908 -7.4876 1.7073 21.5591 0.0456 7.8848
Car -1 -1 0.2804 384.3375 172.7076 497.0764 211.0190 1.5872 1.6878 4.3975 -7.2211 1.5815 30.8428 0.0504 5.4564
Car -1 -1 -1.6453 628.5949 168.6003 668.1004 203.7744 1.5926 1.6087 3.6447 1.7460 1.4003 34.5077 -1.5948 5.1866
Car -1 -1 1.6618 527.4872 173.8018 550.3114 191.6461 1.4671 1.5879 3.9257 -6.0515 1.5508 61.4980 1.5637 3.6259
Car -1 -1 -0.0364 470.1024 171.0861 553.1165 200.7147 1.5125 1.6609 4.2441 -5.2319 1.4227 38.0155 -0.1731 1.6451
Car -1 -1 0.1616 489.2217 164.1161 531.2866 180.3680 1.4852 1.5741 3.6510 -9.2276 0.6870 66.7664 0.0243 1.2040
Car -1 -1 -1.8347 696.1465 147.4675 732.8854 169.7260 1.4972 1.5859 3.9930 7.3394 -0.2306 51.1941 -1.6923 1.1978
Car -1 -1 2.1033 92.4681 148.4448 185.0302 191.1511 1.7190 1.6541 3.7351 -20.1296 0.7368 30.9420 1.5265 0.2971
Car -1 -1 -1.6897 621.8850 167.2818 660.8858 200.5242 1.7243 1.6698 3.8857 1.6286 1.4356 39.4248 -1.6484 -0.2465
Car -1 -1 -0.9738 1161.8522 204.2101 1241.0000 374.0000 1.5359 1.5564 4.3268 5.4587 1.7275 3.5845 0.0160 -0.3122
Car -1 -1 -1.8368 661.6463 158.8638 699.4346 182.5950 1.5618 1.6152 3.8651 4.7662 0.6414 49.5252 -1.7409 -0.4749
Car -1 -1 3.2907 438.6145 172.6816 506.0864 198.1388 1.4876 1.5841 3.7596 -8.2016 1.4779 43.0250 3.1024 -0.7686
