Car -1 -1 1.3717 691.7675 182.3456 768.9450 237.0335 1.4114 1.5248 3.5617 3.3725 1.7126 21.0576 1.5305 12.8850
Car -1 -1 -1.8370 745.6819 176.0147 931.4969 304.8652 1.6368 1.6782 4.0529 3.2659 1.6956 11.3019 -1.5557 12.8386
Car -1 -1 2.0776 118.0351 196.6895 359.3814 315.7790 1.4401 1.6103 4.1507 -5.7259 1.8963 11.6824 1.6219 12.6070
Car -1 -1 1.9024 311.2551 187.7045 425.5798 262.9595 1.5634 1.5458 3.5409 -5.7601 1.9601 17.4705 1.5839 11.5471
Car -1 -1 -2.1036 840.9519 195.9757 1241.0000 374.0000 1.3968 1.5742 4.0440 3.2281 1.6446 5.6839 -1.5871 11.4228
Car -1 -1 1.8707 417.3471 185.4264 493.8915 229.4018 1.4137 1.6187 4.0461 -5.6060 1.9118 26.4752 1.6621 10.4917
Car -1 -1 -1.7581 671.6829 178.9047 735.8210 224.9412 1.5576 1.6391 4.0382 3.3804 1.8019 27.0191 -1.6336 7.3043
Car -1 -1 -1.7140 654.6173 178.2086 699.8486 211.9108 1.5330 1.6462 4.0320 3.2109 1.8123 35.5278 -1.6239 7.1188
Car -1 -1 0.7154 0.0000 183.0089 104.5572 245.7053 1.4554 1.5829 3.8457 -15.0120 1.7184 17.8347 0.0158 6.3534
Car -1 -1 1.7075 447.1377 168.9488 478.8565 191.2794 1.4598 1.6247 3.7107 -9.9857 1.2049 49.0688 1.5067 5.9913
Car -1 -1 1.7135 492.5472 180.2746 530.2679 208.2192 1.5043 1.6204 3.9895 -5.7080 1.9561 41.9006 1.5781 3.8691
Car -1 -1 -0.7494 1168.5475 153.3005 1241.0000 320.3712 1.4937 1.5604 4.1184 8.4281 1.3193 7.4281 0.0990 3.3235
Car -1 -1 1.8758 425.1398 166.1087 463.6806 187.7402 1.4585 1.5980 3.6921 -11.5835 1.0041 50.5516 1.6506 3.1613
Car -1 -1 -1.7222 648.7110 177.8276 687.7045 207.4024 1.5681 1.6319 3.8468 3.2144 1.8640 40.8969 -1.6438 1.9911
Car -1 -1 1.3124 724.7060 171.6953 757.0732 191.2589 1.4702 1.5838 3.6790 10.1151 1.3835 56.1174 1.4907 1.6741
Car -1 -1 1.9584 284.2445 174.8041 323.4292 193.3196 1.4768 1.5916 4.0410 -25.4303 1.6448 60.0044 1.5575 1.1116
Car -1 -1 0.9388 963.5755 103.3856 1199.2361 207.7733 1.7010 1.6596 4.0651 8.6725 0.5694 13.8419 1.4985 0.0003
Car -1 -1 -1.0122 565.3163 175.5542 604.0371 193.8327 1.5946 1.6378 4.0336 -2.2910 1.8490 65.7352 -1.0470 -0.7846
