Car -1 -1 2.0341 155.1564 196.4075 379.6637 304.1483 1.4093 1.6612 4.5662 -5.7624 1.9018 12.7607 1.6099 14.1203
Car -1 -1 1.3715 686.1834 182.3590 760.3626 234.5682 1.4296 1.5619 3.5694 3.3557 1.7469 22.2384 1.5212 13.7442
Car -1 -1 -1.8144 736.4113 177.6452 894.3646 288.1855 1.5673 1.6344 3.9399 3.2558 1.6631 12.3803 -1.5572 13.0411
Car -1 -1 -2.0329 820.7750 184.9978 1226.0278 374.0000 1.4658 1.6047 3.7836 3.2924 1.6120 6.7645 -1.5800 12.7508
Car -1 -1 1.8633 333.2128 189.0928 435.9922 256.9463 1.5011 1.5565 3.5751 -5.7352 1.9607 18.6101 1.5644 11.1879
Car -1 -1 1.8784 424.9017 185.9377 500.9527 228.6342 1.4287 1.6428 4.2615 -5.5830 1.9715 27.7015 1.6795 9.5787
Car -1 -1 -1.7070 652.9388 178.6811 695.2694 210.5105 1.4992 1.6185 3.9022 3.1674 1.8121 36.7004 -1.6209 8.9291
Car -1 -1 -3.8910 1089.7155 141.3382 1241.0000 286.8358 1.5660 1.6467 4.1004 8.2847 1.2272 8.6199 -3.1254 7.4395
Car -1 -1 0.7274 0.0000 184.0350 128.7620 242.7748 1.4398 1.5307 3.7247 -14.9865 1.7463 18.8838 0.0566 6.9304
Car -1 -1 2.4378 0.0000 214.9054 100.8986 374.0000 1.4783 1.6383 4.2598 -6.0246 1.9037 5.1572 1.5750 6.1907
Car -1 -1 1.6763 450.2290 168.4388 480.8676 190.4082 1.4716 1.6695 4.2150 -10.0940 1.1762 50.5029 1.4791 5.2979
Car -1 -1 1.7562 499.3683 180.9562 537.0030 207.5236 1.4647 1.5769 3.5966 -5.4272 1.9657 42.7410 1.6299 5.2325
Car -1 -1 -1.7025 648.1199 177.8825 685.9512 207.4248 1.5886 1.6469 4.0324 3.1990 1.8929 41.5557 -1.6256 3.0239
Car -1 -1 0.9941 0.0000 179.4228 69.5327 250.5068 1.4977 1.6358 4.2794 -15.0848 1.6632 16.7927 0.2622 1.6063
Car -1 -1 1.3762 718.4916 171.6005 747.5916 190.8314 1.4839 1.5769 3.8109 9.7598 1.3875 57.5982 1.5440 -0.1814
Car -1 -1 -2.2578 665.2539 162.6746 721.2570 185.5237 1.4883 1.6072 4.0041 5.5889 0.8256 49.1115 -2.1445 -0.2440
