Car -1 -1 -1.0586 49.9282 195.9153 277.1176 292.8327 1.3823 1.6067 4.0578 -7.6078 1.6037 12.7502 -1.5966 13.9390
Car -1 -1 -1.3950 427.4301 184.9287 496.6353 229.8175 1.4499 1.6437 4.4408 -5.0926 1.4417 25.4523 -1.5925 12.4133
Car -1 -1 -1.2404 224.5090 191.7672 450.0550 335.3459 1.5196 1.6033 3.9488 -3.4172 1.6278 9.7646 -1.5771 9.3443
Car -1 -1 -1.1265 201.8402 183.5580 299.0785 230.9503 1.5971 1.6324 3.9442 -12.9316 1.5423 26.2043 -1.5849 6.9350
Car -1 -1 -1.5892 572.3385 182.0313 605.2422 212.5644 1.5556 1.6780 4.1542 -1.0944 1.3945 38.7338 -1.6174 6.7814
Car -1 -1 -1.0429 45.4880 191.9352 183.4966 255.0286 1.4614 1.5187 3.2543 -12.7042 1.6528 18.6791 -1.6402 5.3579
Car -1 -1 -1.2920 353.3767 186.3216 418.3113 225.7934 1.4963 1.5592 3.7134 -8.9750 1.5453 29.2234 -1.5900 5.0225
Car -1 -1 1.8187 387.5729 179.8719 425.8970 204.4201 1.5784 1.5963 3.7670 -13.4284 1.2359 48.1182 1.5466 3.9086
Car -1 -1 1.9616 279.3095 180.8471 384.3621 235.4186 1.4554 1.5774 3.6856 -7.9845 1.3400 21.0315 1.5987 1.5971
Car -1 -1 -1.5918 641.1053 186.0878 670.5719 212.8674 1.4760 1.6159 3.9487 2.7249 1.5303 41.7570 -1.5266 0.0199
