Car -1 -1 1.9700 252.5422 193.6466 405.8202 280.4333 1.4722 1.5938 3.8772 -5.7436 1.9657 15.1457 1.6075 12.7178
Car -1 -1 1.8623 356.7015 189.9440 450.6543 248.3852 1.4211 1.5621 3.6938 -5.7876 1.9509 20.4895 1.5870 11.1553
Car -1 -1 1.8120 409.9686 187.7987 479.9762 232.9284 1.3866 1.5360 3.7691 -5.7458 1.9508 25.3218 1.5889 9.4223
Car -1 -1 -3.4383 799.6881 156.7913 924.3729 197.6204 1.4891 1.6352 4.1386 9.3826 0.9036 27.2027 -3.1062 9.4014
Car -1 -1 1.7794 450.7971 183.7960 506.7007 221.6753 1.4818 1.6012 3.9888 -5.6777 1.9891 31.4059 1.6006 8.6281
Car -1 -1 1.7536 487.1448 184.2699 530.6165 213.9039 1.4508 1.6166 4.0448 -5.4371 2.1002 38.9628 1.6150 5.8276
Car -1 -1 2.8800 744.1123 166.9365 832.2198 198.1123 1.4676 1.5974 3.8417 8.5098 1.1894 34.8036 3.1198 4.6303
Car -1 -1 -1.6606 658.1977 172.9691 695.1569 205.1673 1.6340 1.6239 3.7527 3.4740 1.6408 38.5038 -1.5706 3.9069
Car -1 -1 -2.0859 986.7270 145.8114 1057.9889 173.8744 1.4569 1.6093 4.0081 22.4184 0.0533 39.4604 -1.5692 3.7500
Car -1 -1 -1.6906 663.7321 172.9211 710.4270 209.4613 1.5873 1.6562 4.1158 3.4649 1.5910 33.4205 -1.5873 3.6717
Car -1 -1 0.8296 389.5524 168.6723 452.7314 193.4738 1.4616 1.5887 3.8091 -11.6235 1.2155 44.2189 0.5726 3.1722
Car -1 -1 1.5226 444.9072 169.6887 472.1765 192.5934 1.4788 1.6125 3.7520 -10.2633 1.2748 48.6025 1.3145 2.9815
Car -1 -1 2.7712 771.6109 158.0322 870.0753 195.8722 1.6394 1.6418 3.8929 9.3396 0.9976 32.2469 3.0531 2.8562
Car -1 -1 2.7510 795.8121 151.6587 906.7253 193.5201 1.6733 1.6385 4.0230 9.8716 0.8265 29.7990 3.0709 2.0829
Car -1 -1 -0.6802 1170.8588 135.5764 1241.0000 177.9934 1.4885 1.6243 3.9020 22.9357 0.1807 26.2046 0.0388 2.0826
Car -1 -1 1.6999 524.1484 179.7090 552.5971 201.8805 1.5571 1.6191 3.9772 -5.3419 2.0890 53.9281 1.6011 1.7853
Car -1 -1 1.9964 251.9376 187.6398 287.0501 204.2702 1.4807 1.5991 3.9043 -32.8613 2.9496 69.6955 1.5559 1.0183
Car -1 -1 1.3212 468.7411 167.7123 499.4613 185.8564 1.5515 1.6631 4.3242 -11.2245 1.1122 64.0082 1.1476 -0.5998
