Car -1 -1 -1.6935 630.1697 179.5552 683.1351 219.7722 1.4656 1.6366 3.9364 1.7614 1.7538 28.9776 -1.6328 12.5356
Car -1 -1 -0.4573 780.2011 187.9247 1041.1012 272.9998 1.4513 1.6316 4.2689 5.5057 1.7565 13.6194 -0.0731 10.9764
Car -1 -1 3.6811 0.0000 171.3023 258.8401 315.5409 1.6997 1.6216 3.6509 -6.8815 1.6817 9.4694 3.0527 10.7573
Car -1 -1 2.5785 854.3417 178.9423 1186.2355 298.7806 1.6130 1.5967 4.0780 5.8910 1.7116 10.7232 3.0808 9.7442
Car -1 -1 -0.6845 964.5222 189.4671 1241.0000 341.8492 1.4980 1.5814 3.6061 6.1317 1.7056 8.1381 -0.0388 8.8822
Car -1 -1 3.4305 312.9217 180.5216 458.4728 228.1098 1.4623 1.6156 4.1966 -7.1957 1.7188 23.2672 3.1305 8.7484
Car -1 -1 3.4180 353.8449 180.7681 483.9853 224.8766 1.5081 1.6403 4.2179 -6.8162 1.8013 25.8349 3.1600 7.9135
Car -1 -1 0.5253 0.0000 152.0610 335.0108 279.7621 1.9785 1.7859 4.5863 -7.3005 1.6567 12.1088 -0.0172 7.8855
Car -1 -1 -0.8633 1079.1519 186.7068 1241.0000 374.0000 1.5570 1.6205 3.6358 5.9820 1.6845 5.7142 -0.0550 7.1713
Car -1 -1 2.0478 212.5646 146.8348 275.2066 174.0566 1.4573 1.5891 3.7561 -20.5097 0.0647 40.5086 1.5791 1.8368
Car -1 -1 -2.8858 437.0810 181.6303 512.6312 209.1178 1.4767 1.6020 3.8685 -7.5480 1.9786 40.2933 -3.0710 0.5411
Car -1 -1 1.2057 521.4573 176.1740 550.6940 192.0874 1.4939 1.6031 3.7711 -7.2803 1.8287 70.6319 1.1030 -0.1483
Car -1 -1 -1.5761 618.3969 177.2042 645.5245 202.9523 1.4842 1.5882 3.8064 1.2977 1.7625 44.1615 -1.5467 -0.4573
Car -1 -1 1.5184 641.9570 172.1093 659.6384 187.3933 1.4686 1.5401 3.8295 3.9887 1.3974 71.2447 1.5743 -0.5415
