Car -1 -1 -1.8311 731.7434 187.4895 919.1183 313.0357 1.5101 1.6652 4.3135 3.0529 1.7843 11.3386 -1.5680 13.6986
Car -1 -1 -2.0840 811.3690 198.7715 1241.0000 374.0000 1.4475 1.6373 4.2071 2.8053 1.7080 5.1270 -1.5833 12.4933
Car -1 -1 1.8133 386.3622 196.5344 496.7634 273.3183 1.4125 1.5604 3.7678 -3.7218 2.0115 16.3394 1.5894 12.4187
Car -1 -1 2.1296 0.0000 213.2420 368.7885 374.0000 1.3791 1.5463 3.7808 -3.5787 1.8324 6.1736 1.6043 11.4146
Car -1 -1 -1.7475 701.8019 184.0776 799.3462 263.9622 1.6113 1.5949 3.6089 3.1151 1.9022 16.8684 -1.5649 10.8025
Car -1 -1 1.8534 279.6202 193.7311 441.6725 312.9063 1.5359 1.5498 3.4297 -3.8843 1.9239 11.6512 1.5316 10.0878
Car -1 -1 -1.7859 642.2251 187.0679 684.9864 217.1536 1.4548 1.5637 3.4413 2.7708 2.2478 38.4168 -1.7139 6.6852
Car -1 -1 2.4215 558.1574 186.0045 596.1143 202.4466 1.4462 1.5294 3.4108 -3.0976 2.7169 67.9663 2.3760 5.4726
Car -1 -1 -1.5338 601.0214 187.7110 624.6420 209.5452 1.4638 1.5953 3.7672 0.2103 2.5927 52.8907 -1.5298 2.6094
Car -1 -1 -1.5997 696.4948 183.7529 713.7484 199.6099 1.4716 1.5847 3.8473 9.4122 2.5851 71.6955 -1.4692 1.3481
Car -1 -1 1.9632 624.0720 180.8573 655.4484 198.2311 1.4688 1.5681 3.5711 2.6782 2.2090 64.7434 2.0045 0.2997
