Car -1 -1 1.8594 315.3370 191.7524 458.0738 283.0291 1.4845 1.6180 4.2038 -4.3948 1.9252 14.7062 1.5690 12.4394
Car -1 -1 2.0084 149.3236 197.4388 388.9370 337.7268 1.4794 1.5575 3.7372 -4.5407 1.8897 10.1472 1.5876 11.8306
Car -1 -1 2.2496 0.0000 195.6758 237.7470 374.0000 1.5728 1.6636 4.1388 -4.6123 1.8066 5.2768 1.5313 10.9008
Car -1 -1 -1.7365 735.2639 171.9464 832.2822 254.3156 1.9011 1.7472 4.2201 4.3372 1.8805 18.8098 -1.5098 8.3016
Car -1 -1 1.6819 546.2668 181.5146 582.8554 210.3558 1.5249 1.6665 3.9592 -2.5914 2.0462 41.3769 1.6194 7.3759
Car -1 -1 -1.7289 705.6055 180.9154 756.8750 221.6323 1.6113 1.6040 3.7179 5.1279 1.9805 31.1515 -1.5658 6.2146
Car -1 -1 -1.7011 716.5767 186.3567 776.9079 234.7726 1.5010 1.5869 3.7922 4.6854 2.0126 25.3813 -1.5186 5.9657
Car -1 -1 -1.6642 699.8465 181.9349 738.9388 214.9042 1.5133 1.5825 3.6973 5.3765 1.9912 36.0467 -1.5161 5.2143
Car -1 -1 1.4757 0.0000 145.3347 109.1952 228.5821 1.4559 1.5595 3.5646 -11.3504 0.9750 14.4443 0.8097 3.0156
Car -1 -1 1.6651 601.7824 180.5452 622.4499 197.1069 1.4860 1.5905 4.1518 0.2127 2.2433 68.8708 1.6682 1.4796
Car -1 -1 1.7008 529.4712 176.3923 556.3500 195.5002 1.4957 1.6709 4.2345 -5.5100 1.7980 59.4208 1.6083 0.7836
