Car -1 -1 2.0526 0.0000 204.6190 371.5499 374.0000 1.4825 1.5503 3.5931 -3.5118 1.8449 6.4078 1.5512 14.0558
Car -1 -1 -1.8370 720.6168 186.7169 903.3982 305.2274 1.4014 1.6002 4.0119 2.7817 1.6524 11.0231 -1.5898 13.8023
Car -1 -1 -2.0789 825.3021 188.6096 1241.0000 374.0000 1.5333 1.5532 3.5255 2.7788 1.6835 5.0888 -1.5791 12.0348
Car -1 -1 -1.7570 695.0624 181.0837 798.5643 254.3622 1.4974 1.6576 4.1193 3.0793 1.7184 17.2733 -1.5805 11.6477
Car -1 -1 1.8834 300.1502 196.1779 470.6718 306.1348 1.4228 1.5908 3.8196 -3.5899 1.8760 12.0795 1.5945 10.7776
Car -1 -1 1.7451 452.7555 186.8270 524.7755 240.7621 1.4609 1.5891 3.6048 -3.7021 1.9280 22.2884 1.5805 10.7140
Car -1 -1 1.7490 400.3612 191.3676 492.5923 262.4538 1.4477 1.5558 3.6005 -3.8934 1.9435 17.4761 1.5298 9.1721
Car -1 -1 -1.6842 678.7833 179.2928 744.8315 234.5434 1.5772 1.6360 3.8460 3.1092 1.8000 22.9867 -1.5497 9.0041
Car -1 -1 -1.5772 601.5688 183.7394 621.3587 202.7537 1.4454 1.5627 3.6988 0.0813 2.3612 58.8213 -1.5758 3.5947
Car -1 -1 -1.8380 635.6547 177.9039 678.2406 205.5519 1.5983 1.6384 3.9223 2.8149 1.9251 44.5566 -1.7749 2.8561
Car -1 -1 0.0097 520.2311 187.5928 569.3222 206.3147 1.4861 1.5971 3.9944 -5.4108 2.7263 59.7358 -0.0806 1.2710
Car -1 -1 -3.4278 864.7786 153.7123 980.5744 195.3815 1.6646 1.6702 4.0946 12.8278 0.9003 29.8934 -3.0225 0.9635
