Car -1 -1 2.0369 56.6299 196.2008 360.8176 368.4778 1.4827 1.5778 3.7398 -4.4399 1.8220 8.5944 1.5601 14.0179
Car -1 -1 -1.8672 770.4755 186.8378 1008.0597 360.6165 1.5410 1.5602 3.3751 2.9102 1.7372 8.3874 -1.5333 13.9383
Car -1 -1 -1.7264 667.4478 182.5875 747.1059 242.2247 1.4623 1.6039 3.9447 2.5870 1.7639 20.3355 -1.5998 13.1443
Car -1 -1 1.7109 455.8926 185.1783 512.0151 227.6428 1.4172 1.5669 3.7291 -4.6978 1.9120 27.0616 1.5390 11.5600
Car -1 -1 -1.8171 724.8337 186.1340 861.3865 289.1390 1.5224 1.5309 3.3334 3.0328 1.7887 12.7705 -1.5840 9.9695
Car -1 -1 -1.6918 659.8728 179.8741 715.2244 227.6483 1.6118 1.5919 3.6595 2.7596 1.8901 26.7258 -1.5889 7.5713
Car -1 -1 0.3663 217.0366 179.2904 372.5144 233.0877 1.5785 1.6226 4.0918 -9.6856 1.7857 22.2834 -0.0438 7.3511
Car -1 -1 1.6644 481.9952 177.3633 526.1378 218.5032 1.7243 1.6284 3.7541 -4.7643 1.9402 32.5751 1.5192 7.1394
Car -1 -1 1.7568 614.3626 177.2724 638.0056 193.6063 1.5317 1.6251 3.9290 1.6020 1.9789 70.8784 1.7794 0.7325
Car -1 -1 -1.7559 640.6547 179.6609 681.0619 209.8705 1.6214 1.6452 3.7882 2.8473 2.0327 41.5903 -1.6876 -0.3584
