Car -1 -1 0.6767 0.0000 186.3100 282.2127 338.1361 1.4842 1.6634 4.4479 -6.3172 1.6509 8.0611 0.0120 11.9031
Car -1 -1 -1.8328 714.9412 167.9986 912.3466 311.3517 1.7365 1.7136 4.2495 2.7284 1.6780 10.8758 -1.5870 10.9939
Car -1 -1 -1.7120 669.5763 177.5327 742.8254 235.9635 1.5836 1.6379 3.9038 2.7662 1.7383 21.8316 -1.5860 9.7576
Car -1 -1 3.6808 0.0000 189.3653 336.5571 301.1416 1.4347 1.6281 4.3832 -6.4834 1.6920 10.3686 3.1220 9.6564
Car -1 -1 -1.7845 688.3361 181.8247 794.8153 259.9235 1.5075 1.5729 3.6887 2.7774 1.7330 16.2331 -1.6150 8.0501
Car -1 -1 -1.6657 645.4064 175.4288 686.7214 209.8443 1.5202 1.5879 3.6821 2.5509 1.6485 34.0026 -1.5908 7.7296
Car -1 -1 3.5778 119.5075 184.9170 361.6935 273.9270 1.4690 1.5244 3.5593 -6.5435 1.6995 12.9453 3.1098 7.2565
Car -1 -1 -2.8823 355.5792 173.2588 485.2767 220.5652 1.5500 1.6355 3.9697 -6.4039 1.5646 24.4779 -3.1382 7.2260
Car -1 -1 0.3394 258.2135 161.1922 443.9575 243.9425 1.9069 1.7158 3.8881 -6.2139 1.6385 17.4862 -0.0020 6.9783
Car -1 -1 3.4918 196.9250 175.1329 400.9095 256.4946 1.6031 1.5571 3.6156 -6.4542 1.6541 15.1363 3.0887 6.4533
Car -1 -1 -1.6031 636.8894 173.4179 665.5360 200.4409 1.5955 1.6386 3.7491 2.4757 1.6322 44.5708 -1.5476 5.4782
Car -1 -1 0.1957 464.0317 176.0966 537.4905 203.1919 1.5417 1.6252 4.0066 -6.3824 1.7356 42.1709 0.0455 1.8921
Car -1 -1 3.1748 480.1435 176.1041 540.2403 200.8058 1.4853 1.5776 3.6183 -6.1701 1.6910 44.6108 3.0373 0.5631
Car -1 -1 -0.2825 779.1511 157.1306 854.6889 182.6955 1.5687 1.6803 4.2390 12.8647 0.6042 45.1211 -0.0048 0.3356
Car -1 -1 1.9974 662.3670 166.2842 695.1229 181.6960 1.4833 1.6299 4.2470 6.8472 0.8514 71.6909 2.0926 0.0329
Car -1 -1 1.7027 669.9068 145.3652 700.3284 167.8396 1.4728 1.5996 4.0172 5.2530 -0.3646 50.3766 1.8066 -0.2146
