Car -1 -1 -1.8174 713.6668 187.0905 848.1837 282.1809 1.4525 1.5636 3.4939 2.9431 1.7506 13.3175 -1.5999 13.9077
Car -1 -1 1.1841 797.4025 178.3498 1225.5543 374.0000 1.5880 1.6568 4.1255 2.9159 1.6534 6.4540 1.6085 13.8781
Car -1 -1 1.8505 365.8931 185.7207 523.9485 283.9879 1.4264 1.6393 4.4365 -2.8666 1.7050 13.3335 1.6388 13.1421
Car -1 -1 1.4306 685.2234 185.5034 772.6371 250.9281 1.4284 1.6251 4.1803 2.9012 1.7929 18.6646 1.5848 9.6108
Car -1 -1 1.7622 448.3003 178.2904 534.4092 246.2106 1.6246 1.6080 3.6848 -3.1336 1.7854 19.4214 1.6022 8.6296
Car -1 -1 1.4461 663.6282 179.5141 711.5348 215.2046 1.4728 1.6312 4.2138 3.4058 1.7945 32.6886 1.5499 6.1845
Car -1 -1 1.6746 512.4430 176.9697 560.0055 219.4076 1.5348 1.5062 3.3182 -2.8589 1.7048 28.0747 1.5731 6.1291
Car -1 -1 -1.6099 653.9601 176.6798 677.6810 197.3438 1.4343 1.5784 3.5766 4.0096 1.7231 52.5698 -1.5338 4.4494
Car -1 -1 -1.6192 646.0431 165.5064 669.7703 188.5790 1.9936 1.8736 5.2058 4.2500 1.3591 64.9599 -1.5539 2.3259
Car -1 -1 1.7555 483.7706 158.3815 525.1350 185.4229 1.5867 1.7177 4.6015 -6.5022 0.7379 44.6681 1.6110 1.0352
Car -1 -1 -0.3085 937.9334 171.5483 1043.0813 206.0491 1.4983 1.5818 3.8839 16.9918 1.4420 32.4479 0.1739 0.0828
Car -1 -1 2.2822 0.0000 132.0086 149.5806 327.2098 1.7489 1.7074 4.0515 -7.6001 1.3833 8.5027 1.5528 0.0598
