Car -1 -1 -1.2221 220.4113 189.0236 407.7705 295.5750 1.4559 1.5807 3.9736 -4.6794 1.5310 11.9668 -1.5948 13.9238
Car -1 -1 -1.3466 408.7057 183.4613 491.0700 236.4862 1.4270 1.5796 3.7233 -4.5963 1.3809 21.2117 -1.5600 12.9809
Car -1 -1 -1.0473 100.8589 179.9226 236.3608 240.3633 1.5318 1.5844 3.7001 -12.1379 1.3988 20.0807 -1.5910 11.6550
Car -1 -1 -0.9281 0.0000 183.9556 155.1737 323.1209 1.5991 1.5885 3.8176 -8.4030 1.5857 10.1999 -1.6172 11.4914
Car -1 -1 -1.5565 574.4285 175.3577 610.5294 210.8041 1.6501 1.6807 4.1422 -0.7596 1.1923 35.5381 -1.5779 8.4191
Car -1 -1 1.8721 347.8118 178.2703 416.5392 217.7580 1.4998 1.6139 3.7714 -9.1068 1.2371 29.1860 1.5696 6.8358
Car -1 -1 -1.0775 208.3861 186.2980 338.3053 248.6765 1.4691 1.5484 3.6229 -8.6554 1.5014 18.8467 -1.5080 6.6681
Car -1 -1 -1.3973 442.9864 178.1177 500.8920 219.3587 1.5565 1.6452 3.9523 -5.4582 1.2897 29.1124 -1.5827 6.2875
Car -1 -1 -1.4793 494.5252 163.2381 538.6796 208.1601 2.1734 1.8422 4.6862 -4.6689 1.1112 37.1477 -1.6044 4.7172
Car -1 -1 -1.3789 425.2168 170.7179 467.6785 198.4596 1.4617 1.6003 3.7929 -8.9016 0.6989 39.7898 -1.5990 3.5116
Car -1 -1 1.9387 333.6379 171.7371 379.0344 194.0955 1.4853 1.5998 4.1106 -17.3868 0.5910 49.8317 1.6030 1.3843
Car -1 -1 -1.3085 411.9096 177.0530 447.4516 198.2295 1.4836 1.5827 3.7844 -12.9212 0.9129 52.2670 -1.5509 0.6020
