Car -1 -1 -1.7290 639.5424 177.0537 716.5449 232.3638 1.4536 1.6297 3.9849 1.8607 1.5900 21.3163 -1.6419 13.1743
Car -1 -1 3.4888 241.0752 185.1496 432.8873 245.4716 1.4126 1.6201 4.1928 -6.7759 1.7352 18.0687 3.1301 10.7543
Car -1 -1 -0.8222 990.5084 191.3306 1241.0000 374.0000 1.4622 1.6414 4.2506 5.5077 1.6336 5.7369 -0.0571 9.9164
Car -1 -1 3.6123 151.9064 184.2061 380.4153 256.5753 1.4431 1.6186 4.1613 -7.3334 1.7016 15.5290 3.1711 9.6575
Car -1 -1 -0.6035 915.1043 160.1554 1241.0000 330.7060 1.6921 1.6635 4.0702 5.7254 1.5665 8.0211 0.0164 8.7934
Car -1 -1 0.3193 308.2502 177.3980 447.8458 228.0422 1.5707 1.6311 3.9934 -7.4787 1.7234 23.3594 0.0094 7.7453
Car -1 -1 0.0086 422.2306 173.8399 495.3649 203.7269 1.5814 1.6363 3.8333 -8.2743 1.6373 39.4337 -0.1982 1.3753
Car -1 -1 -1.8312 665.4535 158.9424 708.1874 185.5368 1.6339 1.6912 4.2687 4.8681 0.7795 46.5661 -1.7270 1.1883
Car -1 -1 -1.6806 617.6523 173.6181 656.5376 204.1545 1.4570 1.5622 3.6174 1.2816 1.4979 36.3801 -1.6454 0.6810
Car -1 -1 3.2459 465.3071 172.3054 521.6209 195.5872 1.5702 1.5870 3.6740 -7.9985 1.5335 49.5535 3.0858 0.4166
Car -1 -1 -1.6146 653.3077 170.8709 673.5925 188.2247 1.4784 1.6023 3.9517 4.6523 1.3098 63.4633 -1.5415 0.3523
Car -1 -1 -1.6112 621.0585 165.2168 651.5499 192.5123 1.5013 1.5967 3.7301 1.4412 1.0816 41.5534 -1.5766 -0.2757
