Car -1 -1 -1.7241 666.7140 185.8923 742.7079 241.9507 1.4013 1.5925 3.7688 2.5892 1.8126 20.8281 -1.6004 13.9740
Car -1 -1 -2.1765 871.6353 208.6350 1241.0000 374.0000 1.3819 1.5773 3.7285 3.4324 1.7444 5.4058 -1.6108 11.6980
Car -1 -1 1.7088 467.6259 183.8478 510.7821 219.3299 1.6277 1.6297 3.7953 -6.0422 2.2090 36.2059 1.5435 10.3029
Car -1 -1 2.1720 0.0000 214.6158 221.8267 374.0000 1.4880 1.6023 3.7173 -5.0565 1.9575 6.1822 1.4864 9.7347
Car -1 -1 -1.6722 653.5733 181.0027 709.4981 228.5611 1.5803 1.6412 3.9923 2.5228 1.9043 26.6601 -1.5779 8.9879
Car -1 -1 -2.9807 922.5695 167.2429 1086.4625 225.1640 1.4618 1.5380 3.7869 10.8122 1.3206 19.9727 -2.4845 8.4339
Car -1 -1 -2.8959 833.9929 172.9592 958.4474 215.9197 1.4558 1.6110 3.9379 10.3309 1.4603 26.2576 -2.5210 3.9767
Car -1 -1 1.7679 491.1319 183.8239 532.7835 213.8958 1.5827 1.6236 3.9981 -5.6193 2.2454 41.5115 1.6334 2.9997
Car -1 -1 -1.8214 722.5884 152.4914 771.4147 181.8450 1.4496 1.5899 3.8240 7.0381 0.4444 37.5893 -1.6363 1.7122
Car -1 -1 -1.5552 637.1614 177.3693 661.0729 201.0548 1.7055 1.7531 4.9179 3.0152 2.0684 55.4243 -1.5009 1.2065
Car -1 -1 -3.0052 894.2058 172.2932 1039.3966 223.0090 1.4744 1.5925 3.9230 11.1513 1.4584 22.7292 -2.5491 1.0230
Car -1 -1 -0.9573 0.0000 193.7673 55.1129 226.9646 1.5292 1.6007 3.8874 -31.2564 2.6819 37.7541 -1.6488 -0.5839
