Car -1 -1 1.7604 456.2656 184.7396 536.7047 239.5846 1.4385 1.6402 4.2757 -3.3948 1.8374 22.0270 1.6075 14.0553
Car -1 -1 1.4244 688.2396 174.3359 792.9859 264.4261 1.6700 1.6180 3.7351 2.5862 1.7057 15.3185 1.5916 12.8434
Car -1 -1 2.1518 0.0000 195.2734 335.9852 374.0000 1.4896 1.6302 4.1602 -3.5961 1.7170 5.2053 1.5472 11.2851
Car -1 -1 -1.7407 655.7571 181.7063 728.4890 236.1987 1.4904 1.5833 3.8699 2.4038 1.7894 22.3559 -1.6336 9.4551
Car -1 -1 1.6694 519.2247 182.1184 555.8886 213.6795 1.4959 1.5327 3.5233 -3.7070 1.9940 36.9941 1.5695 4.2846
Car -1 -1 1.7102 482.1673 179.0316 539.3806 227.9360 1.7472 1.6926 3.8709 -3.8450 2.0056 28.2037 1.5747 4.2298
Car -1 -1 1.4456 645.1973 184.3404 700.3530 227.0934 1.4638 1.6181 3.9476 2.3008 1.9385 27.7864 1.5282 2.7624
Car -1 -1 1.6345 535.4169 180.1949 566.4472 206.7492 1.5083 1.6361 4.1614 -3.6092 1.9801 44.2346 1.5531 1.8525
Car -1 -1 -2.3374 693.0414 152.5216 762.0004 183.3477 1.6306 1.6124 3.7826 6.4566 0.5554 40.1763 -2.1781 1.1584
Car -1 -1 1.7262 490.2529 165.0001 520.5347 186.1159 1.5027 1.6133 4.0345 -7.7234 0.9442 53.3730 1.5825 0.9512
Car -1 -1 -0.2320 765.1899 150.9357 841.5687 178.0873 1.5290 1.6456 3.9702 11.0445 0.2951 41.5085 0.0281 0.1202
