Car -1 -1 -1.2596 254.4105 189.2342 445.9704 306.1699 1.4579 1.5960 3.9488 -3.7584 1.5321 11.0816 -1.5866 14.8204
Car -1 -1 -1.7906 700.3282 188.1012 817.8758 269.1790 1.4342 1.5656 3.5398 2.8890 1.5012 14.6282 -1.5956 13.5672
Car -1 -1 -0.9901 0.0000 185.8517 223.0994 299.5138 1.5589 1.5594 3.8212 -8.1357 1.5722 11.8050 -1.5935 13.1162
Car -1 -1 -1.3743 437.3261 180.6679 513.2291 236.7888 1.5447 1.5734 3.5485 -3.9258 1.4207 21.5694 -1.5543 12.2777
Car -1 -1 -1.7144 650.6314 180.4182 707.3846 221.8288 1.5142 1.6466 4.0460 2.6938 1.3400 28.3432 -1.6197 11.4878
Car -1 -1 -1.5850 584.1080 179.3788 607.8287 200.7108 1.4918 1.6597 4.3125 -0.9131 1.0847 52.4478 -1.6025 8.8213
Car -1 -1 -1.4142 480.9947 180.8536 534.3138 219.8940 1.5076 1.5983 3.8632 -4.1023 1.3403 29.7028 -1.5514 8.4133
Car -1 -1 -1.3057 380.6631 183.1169 442.0872 220.7595 1.5302 1.5951 3.9292 -8.4715 1.4460 31.1836 -1.5710 8.3837
Car -1 -1 -1.6411 623.0612 181.0750 646.9697 200.6951 1.4924 1.6185 3.6909 2.0986 1.1786 56.5462 -1.6040 4.3116
Car -1 -1 -1.4807 504.7113 179.6504 539.0401 207.4882 1.4963 1.5989 3.6559 -4.8212 1.1983 40.4850 -1.5992 4.0736
Car -1 -1 1.5290 651.7182 162.9074 672.8783 180.9531 1.4866 1.6532 4.0516 4.6810 -0.3801 62.2356 1.6041 2.8264
Car -1 -1 -1.3944 456.6642 169.2174 490.0622 191.6422 1.4785 1.5832 3.9800 -9.2089 0.4248 49.3885 -1.5788 2.1851
Car -1 -1 -1.2150 272.3120 182.6329 375.5551 241.1141 1.5314 1.5904 3.6157 -8.0643 1.4649 20.6415 -1.5874 1.8848
Car -1 -1 -1.2460 423.4561 180.6773 472.5141 207.7938 1.4684 1.5900 3.8197 -9.0585 1.2237 40.9062 -1.4639 0.6311
Car -1 -1 -1.5878 577.2979 179.8431 597.1881 198.8064 1.5588 1.6175 3.9521 -1.7824 1.1183 61.0971 -1.6169 -0.5436
Car -1 -1 1.6323 527.3677 177.1289 552.9321 198.3522 1.4821 1.6164 3.8167 -4.8877 0.9185 52.1298 1.5388 -0.5711
