Car -1 -1 0.4973 161.9236 188.1413 430.9077 270.5017 1.3861 1.6398 4.3793 -5.8194 1.6947 13.5332 0.0912 15.8513
Car -1 -1 -1.7423 688.6787 181.2185 769.1313 238.7664 1.4207 1.5753 3.8265 3.1915 1.6787 20.2951 -1.5863 13.7126
Car -1 -1 -1.8924 730.8112 182.2462 974.4286 332.7618 1.4894 1.6621 4.2701 2.8099 1.6425 9.5705 -1.6069 13.4085
Car -1 -1 0.7563 0.0000 172.6951 237.1770 346.3597 1.6765 1.6578 3.9948 -6.5554 1.6753 7.9195 0.0649 9.6107
Car -1 -1 3.4834 222.0494 181.3577 425.4233 254.5021 1.5258 1.6108 3.9101 -6.3236 1.7264 16.1182 3.1096 8.6392
Car -1 -1 3.4514 265.1495 168.0826 440.5328 239.8410 1.7512 1.6839 3.9103 -6.5356 1.6351 18.5054 3.1119 6.5463
Car -1 -1 3.9560 0.0000 200.5264 86.6718 374.0000 1.5407 1.6278 4.0226 -6.5695 1.7826 5.3347 3.0672 5.4984
Car -1 -1 -1.6360 658.5465 171.9470 693.3635 203.6835 1.6542 1.6492 3.7205 3.5286 1.6073 39.4862 -1.5468 4.5950
Car -1 -1 3.2006 487.5016 174.5456 549.9485 198.9681 1.4616 1.5915 3.7109 -5.5878 1.5678 44.2237 3.0749 1.5912
Car -1 -1 -1.6478 651.8284 173.6073 678.5386 195.4626 1.4804 1.5818 3.8441 3.8310 1.5360 50.9286 -1.5728 0.1584
