Car -1 -1 1.9770 55.1062 195.9987 406.8740 374.0000 1.4843 1.6624 4.4602 -3.7086 1.8136 7.9981 1.5428 15.9191
Car -1 -1 1.8395 356.0264 186.2863 477.7053 272.6986 1.5413 1.5606 3.6356 -3.9843 1.8598 15.2631 1.5842 11.7717
Car -1 -1 -1.6577 648.6884 179.9071 696.1512 218.7849 1.4523 1.6006 3.7378 2.4493 1.7594 29.5025 -1.5749 11.0953
Car -1 -1 -3.4963 783.3906 164.8117 948.5727 217.1829 1.5774 1.7086 4.5728 7.8897 1.3355 22.6272 -3.1608 10.2874
Car -1 -1 2.2590 0.0000 205.9651 196.9971 374.0000 1.4605 1.5919 3.8427 -6.6738 1.9272 8.2332 1.5779 8.0727
Car -1 -1 -3.3926 736.8110 164.1315 839.6881 202.5365 1.6531 1.6641 4.1310 7.7862 1.2780 31.9115 -3.1533 7.4088
Car -1 -1 2.8132 766.8320 158.0313 905.4317 209.0298 1.7589 1.7142 4.4112 7.9672 1.2480 25.8026 3.1127 7.2216
Car -1 -1 1.7839 442.7220 183.7340 493.9660 220.1011 1.5600 1.6153 3.7213 -6.6390 2.1006 33.9477 1.5908 4.5828
Car -1 -1 1.6644 486.1439 182.8453 517.7427 208.7005 1.4956 1.6048 3.8946 -6.7671 2.1502 45.2593 1.5160 4.4880
Car -1 -1 1.8487 352.7533 188.9060 440.2887 245.4880 1.5460 1.6253 3.9532 -6.6779 2.0982 22.8191 1.5640 4.1634
Car -1 -1 -0.4257 950.2279 153.9588 1034.7563 181.7295 1.5602 1.6463 3.9665 21.8975 0.4990 41.4741 0.0601 1.8477
Car -1 -1 -1.7224 713.4387 168.8691 740.6439 188.1181 1.5123 1.5915 4.0085 9.4599 1.1996 58.6976 -1.5626 1.8201
Car -1 -1 1.7841 453.2343 172.1814 485.4072 192.2022 1.4911 1.6118 4.1021 -10.8613 1.4414 55.8050 1.5919 -0.0506
