Car -1 -1 1.8319 385.5839 185.9810 484.4250 252.6441 1.4796 1.5838 3.6063 -4.4272 1.8508 18.5545 1.5977 13.6503
Car -1 -1 -2.0502 826.2291 181.0978 1134.2425 355.5168 1.5614 1.6188 3.6653 3.9263 1.6802 8.5014 -1.6175 13.6371
Car -1 -1 -1.8111 763.2027 182.7277 902.7292 279.5856 1.5100 1.5947 3.7982 3.9563 1.7225 13.5715 -1.5274 12.4476
Car -1 -1 -1.7552 723.7932 179.6502 811.4335 242.2860 1.4662 1.5866 3.7545 4.0301 1.6653 19.1936 -1.5483 11.1536
Car -1 -1 1.7719 447.1796 181.9056 517.9510 231.4789 1.4869 1.5989 3.9011 -4.2482 1.8172 24.3312 1.5990 9.7333
Car -1 -1 -1.7285 699.0237 178.7744 766.4925 227.1317 1.4567 1.5946 4.0702 3.9895 1.6730 24.2716 -1.5656 9.7020
Car -1 -1 1.7505 481.9282 180.6998 540.3213 221.0702 1.4952 1.6501 4.2284 -4.0288 1.8420 29.7060 1.6157 8.5714
Car -1 -1 -2.5482 1081.8947 201.9308 1241.0000 374.0000 1.5120 1.5819 4.0903 3.9184 1.7072 2.7703 -1.5928 7.8130
Car -1 -1 1.6910 543.5010 177.3618 576.3541 202.8005 1.5197 1.6206 3.9587 -3.1688 1.8190 45.8353 1.6219 6.0084
Car -1 -1 -1.6718 690.8289 177.2561 740.1641 218.0306 1.5317 1.6054 3.7543 4.1951 1.7232 29.4222 -1.5302 3.8367
Car -1 -1 -1.6731 688.8218 177.9912 730.1698 213.2167 1.5901 1.6098 3.6403 4.7285 1.8524 34.9509 -1.5386 2.0747
Car -1 -1 -1.9798 917.2761 172.6298 978.6650 200.6305 1.4861 1.6064 4.0875 18.7814 1.4746 40.3565 -1.5443 0.6428
Car -1 -1 1.2593 0.0000 193.6577 98.9200 307.1477 1.4799 1.5997 3.9875 -10.2537 1.8684 11.7474 0.5417 -0.3756
