Car -1 -1 -1.9245 750.9712 176.7529 1017.0735 353.0179 1.6577 1.6644 3.9567 2.9577 1.7169 8.8757 -1.6029 13.2486
Car -1 -1 0.3893 239.5417 179.1321 443.5718 253.6407 1.5256 1.5520 3.8792 -5.8142 1.6704 15.7583 0.0359 10.1871
Car -1 -1 -2.2824 704.7477 175.9575 780.9033 209.4735 1.4791 1.5607 3.6095 6.1872 1.6347 34.1517 -2.1032 9.3192
Car -1 -1 -1.7273 624.7726 177.2198 657.8460 201.5960 1.4855 1.5861 3.5664 1.9478 1.7785 46.4988 -1.6854 8.3787
Car -1 -1 -2.8634 358.3486 176.5178 461.6080 219.6279 1.4573 1.4826 3.2020 -6.9982 1.5898 25.2697 -3.1336 5.6729
Car -1 -1 0.5919 13.3700 173.6634 326.9080 292.3298 1.6133 1.6240 3.7114 -6.4375 1.6267 10.7249 0.0513 5.4889
Car -1 -1 3.3711 371.5022 180.1135 485.3838 219.7224 1.4338 1.6087 3.9096 -6.8367 1.7168 27.2580 3.1253 5.1673
Car -1 -1 -2.6837 110.9414 174.2476 368.1675 273.5681 1.6825 1.6632 3.8137 -6.6247 1.7098 13.0952 -3.1520 4.9035
Car -1 -1 3.4749 253.5737 181.6375 428.8339 244.1396 1.4792 1.5966 3.8191 -6.7081 1.7106 18.1462 3.1209 4.0900
Car -1 -1 -2.8887 395.7356 163.1500 506.3912 207.4718 1.7798 1.7138 4.1840 -6.5695 1.3904 29.9039 -3.1049 2.4357
Car -1 -1 1.6147 523.6371 177.5791 544.6274 196.0811 1.4803 1.5899 3.8920 -6.3799 1.8914 60.7316 1.5100 2.0574
Car -1 -1 -2.9521 471.5138 178.8739 530.6383 200.9868 1.4585 1.5834 3.7337 -7.3864 1.8742 48.9229 -3.1020 0.6686
Car -1 -1 1.6063 489.0822 174.1115 519.4111 202.5415 1.5997 1.6417 4.1191 -6.2803 1.6786 42.9236 1.4610 0.6357
Car -1 -1 1.6472 528.1205 171.1625 547.8800 187.0758 1.5166 1.6296 4.0072 -7.0523 1.3557 70.7823 1.5479 0.0522
Car -1 -1 1.9534 329.2488 172.3297 371.5704 193.2903 1.4651 1.5774 3.8255 -18.8159 1.4288 52.3726 1.6085 -0.4472
