Car -1 -1 1.3985 702.6135 175.7569 829.9791 276.1701 1.6002 1.6414 3.8917 2.7162 1.6631 13.5757 1.5960 13.6567
Car -1 -1 1.7805 449.7778 183.1518 538.4037 241.4797 1.4106 1.6144 4.2173 -3.1910 1.7321 20.3545 1.6250 12.9423
Car -1 -1 -1.7433 667.9773 181.8275 744.9090 240.4854 1.4715 1.5411 3.6476 2.6012 1.7503 20.5243 -1.6173 9.6556
Car -1 -1 2.3543 0.0000 200.3584 261.0232 374.0000 1.5115 1.5973 4.2496 -3.5590 1.7267 3.5001 1.5606 8.0571
Car -1 -1 1.6335 523.0586 178.0544 559.0119 212.7106 1.5820 1.5330 3.5123 -3.3634 1.8493 35.2495 1.5384 6.2851
Car -1 -1 1.4622 654.7583 182.5058 711.8678 228.1965 1.4516 1.5950 3.8424 2.4883 1.8211 25.6662 1.5588 6.0826
Car -1 -1 1.6919 485.8530 180.2078 543.0638 229.3567 1.6300 1.6384 3.6433 -3.4546 1.9172 26.3041 1.5613 5.4024
Car -1 -1 1.5633 646.3654 177.4547 677.7103 207.0245 1.5214 1.6399 4.2291 2.8250 1.7903 39.9555 1.6339 2.9194
Car -1 -1 1.6738 495.1330 165.8533 523.9415 187.1970 1.4630 1.6291 4.0722 -7.1608 0.9835 51.5195 1.5357 2.9165
Car -1 -1 1.6423 536.9563 179.0415 569.4576 206.5641 1.5117 1.6250 4.1259 -3.3426 1.8953 42.6262 1.5640 -0.5935
Car -1 -1 -1.6308 637.4536 175.8822 659.1037 194.2755 1.4645 1.5742 3.6259 3.1258 1.7238 59.8670 -1.5786 -0.8124
