Car -1 -1 -1.9396 760.1385 194.9967 1065.8487 374.0000 1.4988 1.5962 3.6932 2.7432 1.7892 7.5838 -1.5926 14.3088
Car -1 -1 -1.7044 673.7243 177.7184 761.3628 250.7832 1.6561 1.6829 4.0120 2.6065 1.7956 18.6296 -1.5654 12.8351
Car -1 -1 3.6704 18.5898 168.0144 348.5718 296.0361 1.8119 1.7005 4.0623 -6.4035 1.7438 11.0683 3.1459 10.8663
Car -1 -1 0.8378 0.0000 183.4249 169.4276 374.0000 1.5568 1.6839 4.5312 -6.6176 1.6612 6.2111 0.0207 9.6342
Car -1 -1 0.3672 220.2351 182.9991 425.6573 258.0049 1.5561 1.6185 3.9179 -6.3050 1.7933 16.0147 -0.0079 9.1338
Car -1 -1 -1.7097 656.8239 184.3385 720.7615 234.9307 1.5221 1.6118 3.9948 2.5601 1.9471 24.6493 -1.6063 8.9766
Car -1 -1 0.4256 136.8756 184.9561 391.0953 270.8949 1.4862 1.5932 4.0028 -6.3985 1.7275 13.5367 -0.0160 7.4930
Car -1 -1 3.4125 277.4750 179.7424 449.7513 248.4438 1.6706 1.6319 3.9207 -6.3081 1.8579 18.6511 3.0864 6.9017
Car -1 -1 0.1266 477.1720 182.1044 544.9671 206.7751 1.4860 1.5683 4.0115 -6.1465 2.0719 44.8647 -0.0095 6.1638
Car -1 -1 -1.7292 640.5512 177.8871 689.3809 217.2039 1.7082 1.6730 3.9476 2.4798 1.9593 33.9049 -1.6562 4.3808
Car -1 -1 -1.5482 633.0382 181.4365 658.8528 205.4777 1.4745 1.6186 3.9381 2.3806 2.0665 47.7159 -1.4984 2.0058
