Car -1 -1 1.8761 350.4340 192.6376 441.5573 252.0086 1.5028 1.5587 3.6125 -6.2508 2.1371 21.2958 1.5906 12.8533
Car -1 -1 -1.7318 662.8538 175.9823 729.3629 224.5432 1.5278 1.6479 3.9867 2.8480 1.6453 24.9892 -1.6183 10.1817
Car -1 -1 1.8171 406.5023 187.8683 477.4421 234.2464 1.5082 1.6081 4.1514 -6.2085 2.1120 26.9058 1.5903 9.8107
Car -1 -1 -0.9393 16.2602 201.5314 120.7010 246.5113 1.4996 1.5644 3.3203 -20.8249 2.6732 27.8488 -1.5814 8.8460
Car -1 -1 0.8929 1070.2965 136.7075 1191.6276 179.6565 1.8930 1.8536 5.1567 24.6078 0.3002 34.4267 1.5135 8.3400
Car -1 -1 1.7021 461.2288 182.0944 506.1687 217.9390 1.5978 1.6475 4.0613 -6.1513 2.0765 35.2869 1.5295 4.8936
Car -1 -1 -2.2462 1134.8826 140.3776 1239.8441 175.5558 1.6267 1.7035 4.3116 28.2312 0.1253 35.5215 -1.5747 3.2910
Car -1 -1 1.7285 481.9005 178.4257 521.1759 207.6156 1.5897 1.6433 4.1179 -6.3145 1.9315 42.1485 1.5798 1.9033
Car -1 -1 1.2520 842.0239 172.5458 977.0932 245.7310 1.4677 1.6156 4.0988 6.6317 1.4619 16.5631 1.6328 1.4593
Car -1 -1 1.8096 415.8354 179.3710 442.9044 195.7230 1.4689 1.6037 3.9368 -17.0949 2.1045 68.3593 1.5645 1.1289
Car -1 -1 1.6811 532.8932 182.3770 554.8157 199.3964 1.4929 1.6132 4.0272 -6.1844 2.4121 67.5868 1.5899 0.8367
Car -1 -1 2.6998 928.1476 156.6106 991.0603 175.1171 1.4861 1.6486 4.3219 28.4208 0.1821 58.7795 3.1502 -0.0261
Car -1 -1 -0.9003 0.0000 205.4978 72.1080 250.1736 1.4831 1.6021 3.7625 -23.5551 2.8639 28.6152 -1.5890 -0.0538
