Car -1 -1 3.4225 100.2772 151.5508 305.4899 238.8224 1.8380 1.6586 3.7546 -9.1435 1.3897 16.4243 2.9145 9.5461
Car -1 -1 -1.8208 467.4777 171.4288 513.0416 201.7970 1.6111 1.6283 3.7449 -6.7704 1.5359 40.3191 -1.9871 8.0010
Car -1 -1 3.8144 0.0000 158.2508 126.1638 335.1734 1.6044 1.6746 4.0327 -7.7873 1.4723 7.6196 3.0181 7.9182
Car -1 -1 0.6932 0.0000 143.1359 225.9984 286.1254 1.8415 1.6302 3.7449 -7.7700 1.4592 10.1814 0.0413 6.5208
Car -1 -1 3.4471 159.3644 170.2518 328.4718 231.1806 1.5269 1.5888 3.6983 -9.6436 1.4620 19.1592 2.9807 5.5455
Car -1 -1 3.3114 203.4808 167.7608 340.8841 219.7865 1.5247 1.5828 3.6450 -10.4095 1.3758 22.3847 2.8761 4.1809
Car -1 -1 -0.5855 496.5054 151.6796 558.6227 173.1569 1.4607 1.6429 4.1493 -5.8291 0.0210 51.0332 -0.6992 3.8687
Car -1 -1 -0.9717 1160.8917 168.0420 1241.0000 374.0000 1.4924 1.5585 4.1484 4.9418 1.4787 2.9976 0.0538 1.0498
Car -1 -1 0.1698 227.5714 161.6109 355.3608 213.5931 1.7377 1.6604 3.8890 -11.1422 1.3622 25.3917 -0.2437 -0.2912
Car -1 -1 0.7664 1205.4849 183.6731 1241.0000 218.6499 1.4705 1.5993 3.7734 30.0293 2.0019 33.4729 1.4976 -0.4857
Car -1 -1 1.8012 236.3154 142.5525 275.9442 166.1633 1.4673 1.5621 3.6954 -23.4857 -0.4625 47.9327 1.3456 -0.5592
