Car -1 -1 -1.9889 687.4080 199.4389 988.1513 374.0000 1.5473 1.6369 4.0008 2.1548 1.9279 8.2134 -1.7323 13.0533
Car -1 -1 1.8857 0.0000 218.9009 280.8434 374.0000 1.5624 1.6741 4.3541 -4.7660 2.1855 7.4371 1.3158 12.0712
Car -1 -1 -1.8140 621.2231 202.0660 761.7957 309.1130 1.4563 1.5809 3.7113 1.2302 2.0552 12.8300 -1.7184 11.4275
Car -1 -1 -1.7423 561.1928 189.0520 650.1863 268.8120 1.7002 1.6200 3.5000 -0.2533 2.1468 18.0064 -1.7564 10.4448
Car -1 -1 1.7801 223.1982 211.1012 350.8174 312.1214 1.5176 1.5795 3.3852 -6.1729 2.3583 14.0317 1.3657 9.7998
Car -1 -1 -2.4100 877.8147 204.2948 1241.0000 374.0000 1.5534 1.5801 3.6056 2.8564 1.7841 3.3892 -1.7097 7.8676
Car -1 -1 -1.6410 520.9480 198.0116 567.1570 240.4165 1.5018 1.6309 4.1169 -2.8701 2.6335 30.2828 -1.7355 6.6685
Car -1 -1 1.7292 397.3729 198.1734 432.8164 225.2233 1.5184 1.6002 3.9222 -12.5002 3.2164 46.3412 1.4657 5.6488
Car -1 -1 -1.4433 339.1825 193.4136 407.5715 253.3807 1.7784 1.7284 4.3819 -8.2311 2.5656 25.2954 -1.7579 3.6056
Car -1 -1 -1.7032 498.8517 194.0360 531.3649 220.4156 1.5109 1.5984 3.6837 -6.1827 2.9348 46.5014 -1.8354 1.7525
Car -1 -1 -1.5921 511.1098 196.0545 540.2780 225.9573 1.5416 1.6055 3.6661 -4.9893 2.9581 42.1117 -1.7100 1.5756
Car -1 -1 -1.7994 681.1042 145.3014 724.8394 173.2999 1.4902 1.5875 3.8511 5.1147 0.0241 40.3962 -1.6735 -0.2851
Car -1 -1 -2.3211 573.5776 175.2906 628.3521 197.7440 1.5440 1.6354 4.0386 -0.7141 1.7271 52.0779 -2.3348 -0.6459
