Car -1 -1 2.0894 0.1687 194.6975 337.7118 372.9698 1.5050 1.5916 3.9016 -4.8104 1.8227 8.5223 1.5756 13.8611
Car -1 -1 1.9074 260.9365 193.5919 429.7977 287.9260 1.3968 1.6405 4.3878 -4.8720 1.8581 13.8414 1.5689 13.0411
Car -1 -1 -1.9804 792.8096 188.1108 1082.9744 351.6595 1.4326 1.5987 4.0026 3.5101 1.6601 8.7170 -1.5976 12.4664
Car -1 -1 1.7717 473.3954 180.0243 526.7811 220.1945 1.5218 1.5145 3.4616 -4.5082 1.8352 29.7289 1.6212 12.4099
Car -1 -1 -1.8290 739.4873 182.1109 874.3916 277.9308 1.5480 1.5908 3.5211 3.5412 1.7476 13.7609 -1.5771 12.3838
Car -1 -1 -1.7548 714.2388 181.8360 801.5197 248.1589 1.5562 1.5979 3.7777 3.8012 1.8210 19.3382 -1.5607 9.8161
Car -1 -1 -1.7651 692.2420 181.1623 762.3270 230.2799 1.5085 1.6126 4.0611 3.9085 1.8195 24.9139 -1.6094 9.1578
Car -1 -1 -2.3805 993.9851 190.7776 1241.0000 374.0000 1.5730 1.5976 4.0289 3.6157 1.7081 3.4011 -1.5645 7.7546
Car -1 -1 1.7368 495.7005 178.9320 542.6400 214.4217 1.5607 1.6073 3.8195 -4.3003 1.8666 34.3336 1.6122 5.4749
Car -1 -1 -1.7262 726.9544 168.6910 757.3751 190.5907 1.4957 1.5794 3.5652 9.2898 1.2117 51.0773 -1.5463 3.8630
Car -1 -1 0.0108 619.1922 175.0408 664.9505 190.7934 1.4647 1.6537 4.2745 3.0219 1.6749 68.2901 0.0550 3.5999
Car -1 -1 -1.6932 689.8999 178.2286 738.7436 217.6906 1.5340 1.5931 3.5958 4.2859 1.7739 30.3505 -1.5529 2.8572
Car -1 -1 -0.0236 611.7386 184.1811 653.0321 200.7547 1.4743 1.5677 3.7356 2.0105 2.5244 66.0669 0.0069 0.5969
