Car -1 -1 -1.2950 335.1175 184.4403 458.1942 261.1814 1.4832 1.5974 3.8228 -4.5258 1.4694 15.8038 -1.5739 13.5909
Car -1 -1 -1.0327 56.2101 189.5622 263.5207 273.8120 1.3824 1.5693 4.0036 -8.4881 1.4804 14.0054 -1.5775 12.2680
Car -1 -1 -0.9489 0.0000 199.4324 286.9147 375.0000 1.4577 1.5971 3.8043 -4.6074 1.6250 6.4922 -1.5661 11.3371
Car -1 -1 -1.3620 410.6202 178.0992 481.0686 228.3139 1.5317 1.5615 3.5538 -5.2949 1.3158 23.7094 -1.5818 10.7425
Car -1 -1 -1.2039 288.8286 182.4613 379.1153 231.0210 1.4797 1.5911 3.6056 -8.9594 1.3969 23.7082 -1.5652 9.5375
Car -1 -1 -1.4970 474.6622 159.3566 527.0488 214.6258 2.2635 1.9348 5.1003 -4.7063 1.2056 32.0500 -1.6428 8.7448
Car -1 -1 -1.5584 575.6035 175.9313 612.5750 210.4680 1.5579 1.6679 3.8570 -0.6644 1.1402 34.3571 -1.5777 8.5960
Car -1 -1 -0.9226 0.0000 178.3206 126.8911 256.8371 1.4332 1.5439 3.7327 -12.0672 1.3084 15.0055 -1.5999 6.5468
Car -1 -1 -1.6609 639.1702 170.7964 663.6176 193.4566 1.8064 1.6728 3.7615 3.5492 0.6581 59.2061 -1.6010 1.2361
Car -1 -1 1.6412 518.0932 175.1926 544.5688 197.7889 1.5439 1.5980 3.9928 -5.4194 0.8602 51.1346 1.5356 -0.2143
