Car -1 -1 -2.0053 791.5468 190.5063 1241.0000 374.0000 1.4395 1.5961 3.8684 2.7187 1.6316 5.8978 -1.5733 14.3395
Car -1 -1 -1.8136 704.5950 179.1592 873.4030 292.4587 1.4785 1.6233 4.1847 2.6226 1.6001 11.7586 -1.5942 12.8159
Car -1 -1 -1.4072 439.1858 177.9745 527.8947 250.2834 1.6881 1.6608 4.1527 -3.2888 1.8396 19.2178 -1.5767 12.6185
Car -1 -1 -1.7098 677.0201 177.8433 759.0567 239.2376 1.4967 1.6492 4.2329 2.8344 1.6503 20.0486 -1.5693 10.9814
Car -1 -1 -1.6963 649.8145 176.7648 700.7578 218.2040 1.4962 1.5306 3.6115 2.4493 1.6595 28.2296 -1.6097 8.9288
Car -1 -1 1.6710 486.9797 181.5098 538.3272 224.0487 1.5411 1.6413 4.1840 -3.8954 1.9162 29.1171 1.5380 6.8616
Car -1 -1 1.6171 690.0203 159.5369 715.9292 182.1211 1.5569 1.6579 4.2497 6.7046 0.6392 51.9755 1.7454 2.6345
Car -1 -1 -1.6010 639.0510 178.6141 671.8816 209.5492 1.5450 1.6318 3.9743 2.3628 1.8711 38.7936 -1.5402 0.4945
Car -1 -1 3.2684 472.2517 175.9626 536.8363 201.9113 1.6070 1.6368 3.8763 -6.6791 1.8081 45.7392 3.1234 -0.2807
Car -1 -1 -1.6997 699.9052 159.3539 725.9311 178.3818 1.4651 1.5782 3.7349 8.1335 0.4260 57.4302 -1.5590 -0.6999
