Car -1 -1 1.8909 240.8656 207.9059 445.7833 353.6091 1.5439 1.6113 3.8772 -3.6700 2.1508 10.5320 1.5556 14.7614
Car -1 -1 -1.8719 733.7826 194.2749 945.8994 351.4442 1.5624 1.5852 3.5036 2.6932 1.8951 9.4215 -1.5934 13.2234
Car -1 -1 -1.7687 682.7693 197.3572 802.9119 288.9665 1.5295 1.6590 4.1825 2.5932 2.1210 15.2906 -1.6007 12.0317
Car -1 -1 -1.7159 668.2259 194.4584 745.7600 256.9572 1.5603 1.6783 4.2115 2.7448 2.2710 21.5984 -1.5895 10.4550
Car -1 -1 1.7994 383.1513 207.6778 490.2079 289.0989 1.4486 1.5374 3.6754 -3.8169 2.3221 16.2475 1.5687 10.2972
Car -1 -1 -2.1582 856.7258 205.2796 1241.0000 374.0000 1.5237 1.5644 3.5874 3.0026 1.8192 4.7542 -1.5949 8.2542
Car -1 -1 1.7176 434.7316 203.1604 503.4045 262.7991 1.5000 1.5354 3.4406 -4.1980 2.4846 21.6786 1.5263 7.6335
Car -1 -1 1.6988 470.8053 203.2380 527.9981 251.0182 1.4628 1.5920 3.9481 -4.0441 2.6677 26.6116 1.5480 7.5381
Car -1 -1 -1.6777 660.0840 193.8365 714.7451 243.5117 1.6319 1.6322 3.8990 2.8128 2.4831 27.3036 -1.5750 7.3670
Car -1 -1 -1.7206 627.9907 198.0776 659.3664 222.2945 1.4391 1.5832 3.6477 2.2066 3.2091 48.7230 -1.6753 3.9430
Car -1 -1 -1.4013 916.2598 156.4759 956.0524 181.3643 1.4916 1.5999 4.1918 20.5377 0.5104 45.4242 -0.9767 -0.1915
Car -1 -1 -1.3191 884.5150 156.0472 928.4500 181.8302 1.5611 1.6305 4.0173 18.8148 0.5438 45.7807 -0.9292 -0.5748
