Car -1 -1 -1.0718 0.0000 192.0433 385.3652 374.0000 1.4669 1.5522 3.6436 -2.9668 1.6533 5.1532 -1.5941 14.0105
Car -1 -1 3.5380 228.8131 170.5414 420.0770 229.7941 1.4555 1.6487 4.2799 -7.3048 1.3990 18.5927 3.1637 11.7837
Car -1 -1 -1.7456 692.1066 179.6093 809.5310 281.3706 1.5654 1.5080 3.0129 2.3252 1.6999 12.8075 -1.5660 11.6433
Car -1 -1 1.6937 484.9812 168.7930 548.9728 220.4666 1.6363 1.6903 4.1649 -3.1667 1.5081 24.9307 1.5674 9.1425
Car -1 -1 -1.6330 674.9726 181.6195 748.7803 250.3104 1.4455 1.5215 3.6184 2.3289 1.6812 17.5130 -1.5008 8.4567
Car -1 -1 -1.6114 631.7330 175.3611 656.8707 196.8853 1.4200 1.5834 3.5604 2.3071 1.5996 49.7994 -1.5651 6.4557
Car -1 -1 -1.4527 522.6449 174.3783 567.8431 208.9471 1.4680 1.6048 3.8138 -2.9192 1.5416 32.7372 -1.5417 5.3531
Car -1 -1 1.7075 569.2796 166.2745 592.0217 182.6898 1.5074 1.6210 4.0195 -2.7675 0.9036 68.3340 1.6671 3.4784
Car -1 -1 0.8911 1089.2091 128.8400 1241.0000 258.1483 1.5977 1.6811 4.2393 9.4939 1.0542 11.0563 1.6006 0.8052
Car -1 -1 1.6774 483.9274 152.7359 515.2207 176.2039 1.4802 1.6255 3.9758 -7.2613 0.2116 47.5289 1.5258 0.7234
Car -1 -1 -1.5796 632.5066 165.8947 649.8162 181.9716 1.4697 1.5816 3.8498 2.8950 0.8339 67.9093 -1.5370 0.4597
