Car -1 -1 -1.3448 357.1099 180.1771 496.4935 284.3765 1.6033 1.6307 3.9244 -3.2512 1.7592 13.3492 -1.5837 13.1327
Car -1 -1 -1.7565 705.3895 180.7814 827.6865 267.4250 1.4076 1.5747 3.9332 2.8317 1.5842 14.0580 -1.5577 12.7956
Car -1 -1 -1.9999 768.5890 182.5538 1241.0000 374.0000 1.4997 1.6622 4.2744 2.6228 1.6107 6.0724 -1.5922 12.6870
Car -1 -1 -1.6974 664.3831 174.8020 731.2170 229.5856 1.5456 1.5863 3.6022 2.5837 1.6110 22.2921 -1.5821 10.8855
Car -1 -1 1.7011 454.0814 181.7152 521.9103 235.0166 1.5128 1.6307 4.0900 -3.8778 1.8240 23.2369 1.5357 9.0614
Car -1 -1 -1.6751 639.8829 176.6603 684.3287 212.6824 1.5159 1.6096 3.7950 2.2637 1.6989 32.6933 -1.6059 5.8560
Car -1 -1 3.2516 454.0557 175.9153 528.5261 207.6602 1.7093 1.6454 3.9127 -6.5609 1.8831 39.9506 3.0888 4.0809
Car -1 -1 1.3751 700.2034 154.7677 736.2605 180.6830 1.5810 1.5959 3.5618 6.8002 0.4780 45.8336 1.5224 0.4902
Car -1 -1 -0.7275 671.1366 164.6340 724.2245 184.1002 1.5181 1.6476 4.2208 7.0612 0.8774 58.1459 -0.6067 0.3025
Car -1 -1 0.7306 1174.3449 91.9524 1241.0000 277.5562 1.9449 1.7736 4.3776 10.2387 1.0975 9.7738 1.5393 -0.4034
