Car -1 -1 1.8876 400.0782 180.3279 446.6834 206.0835 1.6406 1.7449 4.6566 -12.8163 2.1806 49.7189 1.6353 4.4595
Car -1 -1 1.7818 423.8274 186.2292 467.2448 215.0058 1.4676 1.6049 3.8678 -9.2191 2.2556 40.5461 1.5582 4.0210
Car -1 -1 1.7642 424.6883 180.9113 477.8132 217.5085 1.5637 1.6689 4.1272 -7.4052 1.9651 33.8251 1.5487 2.0003
Car -1 -1 2.1309 0.0000 196.6386 269.6531 325.5625 1.4793 1.6098 3.9220 -6.9485 1.9060 10.9661 1.5661 1.8322
Car -1 -1 1.8293 347.9259 186.3222 430.8350 238.0895 1.4767 1.6286 3.9806 -7.1611 1.9562 23.6483 1.5352 1.8277
Car -1 -1 1.8690 487.5534 180.1203 516.3695 196.3147 1.5177 1.6837 4.1756 -10.7244 2.2629 71.7718 1.7207 1.3881
Car -1 -1 -1.5884 583.7841 179.2773 608.8619 203.0651 1.4974 1.6077 3.7846 -0.9797 1.9455 48.3750 -1.6086 1.2492
Car -1 -1 1.7449 443.6274 182.8562 486.9452 214.8721 1.5532 1.6250 3.6859 -7.6079 2.1065 38.0258 1.5475 0.7361
Car -1 -1 1.3335 792.5956 155.8055 819.3127 172.5074 1.5797 1.6300 3.9276 19.0416 -0.0344 70.3095 1.5979 0.4787
Car -1 -1 1.7485 462.7512 182.1604 499.5832 208.3290 1.4581 1.5727 3.5416 -7.7080 2.0389 43.2321 1.5721 0.4692
Car -1 -1 1.8142 390.5336 184.9235 455.7147 228.0471 1.5046 1.5975 3.7601 -7.2398 2.0068 28.1147 1.5621 -0.2812
Car -1 -1 -1.6061 667.1677 161.9376 686.9366 179.0058 1.4784 1.6174 3.9064 5.9455 0.5332 64.4902 -1.5141 -0.6316
