Car -1 -1 -1.8604 754.5819 179.4695 926.4121 298.7605 1.6046 1.6091 3.7148 3.4864 1.7300 11.7678 -1.5724 13.2582
Car -1 -1 1.9585 174.8580 191.6823 401.5086 313.2759 1.4681 1.6752 4.5982 -4.9236 1.8349 11.7307 1.5611 13.2302
Car -1 -1 -2.0696 834.3215 188.7127 1241.0000 374.0000 1.4831 1.6187 3.9543 3.4591 1.6728 6.6224 -1.5883 12.0521
Car -1 -1 1.7834 458.8804 177.8953 517.2778 221.2230 1.5339 1.5276 3.3861 -4.6517 1.7396 27.6688 1.6169 11.9619
Car -1 -1 -1.7734 722.6611 179.8784 823.5871 253.7290 1.5465 1.6140 3.7233 3.7390 1.7338 17.3320 -1.5609 11.9110
Car -1 -1 -1.7748 696.2477 178.3472 772.8131 231.6034 1.5100 1.5964 3.9770 3.8015 1.7000 22.8906 -1.6102 10.3010
Car -1 -1 2.2169 0.0000 204.4175 269.1388 374.0000 1.4387 1.5896 3.9194 -4.8495 1.8089 6.4900 1.5752 10.2581
Car -1 -1 1.7586 485.2767 176.8395 537.7263 214.4746 1.5667 1.6444 3.8488 -4.3972 1.7569 32.4147 1.6238 8.8786
Car -1 -1 -1.7211 694.1661 177.3218 749.1053 220.5610 1.5629 1.5919 3.5825 4.2589 1.7492 28.2397 -1.5714 5.9549
Car -1 -1 -0.0102 636.6072 174.7592 686.1203 191.0206 1.4657 1.6384 4.4762 4.6801 1.6434 66.2092 0.0604 5.3069
Car -1 -1 -1.6987 728.0985 163.7715 759.2179 187.1285 1.5322 1.6116 3.7924 9.0549 0.9367 49.2652 -1.5169 3.7326
Car -1 -1 -1.3287 454.5364 166.4591 492.4003 189.1504 1.4864 1.6211 4.0493 -9.3127 1.0679 49.3297 -1.5153 0.9705
Car -1 -1 -1.3547 608.4805 180.9968 642.8796 202.3641 1.4901 1.6715 4.5119 1.2060 2.1328 54.5266 -1.3326 0.8902
