Car -1 -1 1.9089 257.7462 193.9149 433.5416 300.4781 1.4560 1.6036 4.0692 -4.4566 1.8864 12.6953 1.5713 12.5392
Car -1 -1 2.0969 5.7219 207.7905 336.8144 374.0000 1.4176 1.5148 3.6235 -4.6090 1.9017 8.1671 1.5831 11.9613
Car -1 -1 -1.7591 744.2446 178.0282 857.2445 266.5109 1.7690 1.7363 4.2589 4.2362 1.9059 16.8537 -1.5128 10.9087
Car -1 -1 -1.7533 706.3149 183.8621 763.3792 226.4576 1.5471 1.5990 3.7248 4.9111 2.0192 29.0465 -1.5858 7.6684
Car -1 -1 1.7017 536.1026 182.9996 575.2219 213.5256 1.5290 1.6349 3.9487 -2.9581 2.1131 39.4961 1.6269 7.6204
Car -1 -1 -1.7068 720.7295 187.6343 786.9707 241.1132 1.5078 1.5806 3.7974 4.5216 2.0263 23.3522 -1.5155 7.0452
Car -1 -1 2.4561 0.0000 196.1086 119.7719 374.0000 1.5601 1.6602 4.3036 -4.5268 1.7384 3.3281 1.5193 6.1528
Car -1 -1 -1.6765 700.1333 184.1230 742.4548 218.7693 1.4856 1.5786 3.7271 5.1604 2.0477 34.0670 -1.5262 4.5782
Car -1 -1 1.9189 267.4427 169.3577 329.1472 201.8650 1.4774 1.6035 3.5445 -14.9119 1.3188 34.6056 1.5121 4.2622
Car -1 -1 -1.4402 595.1905 183.6638 617.5378 200.6377 1.4586 1.5761 3.8447 -0.3266 2.4862 66.5603 -1.4451 4.1906
Car -1 -1 1.7236 522.1345 176.3513 550.5523 196.3272 1.5074 1.6378 4.1212 -5.8326 1.7955 57.2783 1.6221 1.3300
Car -1 -1 0.2612 471.7500 175.6410 533.6731 200.6702 1.6809 1.6659 3.9262 -7.3998 1.8775 49.7392 0.1135 0.8650
Car -1 -1 1.7284 484.8295 163.7235 507.0155 179.4544 1.5231 1.5968 3.8533 -11.3361 0.6394 71.7837 1.5718 -0.8410
