Car -1 -1 1.3579 710.1900 190.6191 834.2299 275.0384 1.3813 1.5938 4.0112 3.0736 1.7922 14.6603 1.5646 13.8403
Car -1 -1 -1.6353 658.4662 179.6388 697.0334 212.4620 1.4694 1.6157 3.6187 3.1884 1.8150 34.8848 -1.5442 11.9059
Car -1 -1 1.8793 281.0605 180.9066 464.9421 307.0652 1.4660 1.5196 3.2843 -3.2085 1.5991 10.2378 1.5756 11.7459
Car -1 -1 1.7604 425.1410 179.2060 527.8537 251.6960 1.4933 1.6452 4.2173 -3.1108 1.6651 17.3513 1.5830 8.7400
Car -1 -1 -1.6387 642.7572 164.7410 677.7956 201.5718 2.2735 1.9245 5.1502 3.1894 1.7731 47.1124 -1.5711 4.4926
Car -1 -1 1.6539 557.5545 178.4069 584.3620 199.9288 1.4796 1.6279 4.0250 -2.8419 1.9012 52.6895 1.6001 3.5060
Car -1 -1 -1.8344 638.8031 178.9867 683.8575 207.8804 1.4961 1.5916 3.6643 2.7690 1.8542 40.1384 -1.7656 2.5245
Car -1 -1 1.5078 670.3933 158.1397 688.6718 173.7891 1.4785 1.5204 3.9251 6.7184 0.0887 70.1513 1.6033 1.7132
Car -1 -1 1.7933 436.8900 159.2563 487.9679 192.3140 1.5284 1.6357 3.8654 -7.1922 0.9001 35.3072 1.5924 1.6348
Car -1 -1 1.2738 756.8467 167.4811 827.9993 209.4355 1.4497 1.5526 3.6221 6.6409 1.2644 26.7805 1.5168 -0.4300
