Car -1 -1 -1.0603 0.0000 206.9991 164.1286 289.2174 1.5205 1.5865 3.9540 -12.0128 2.0823 16.4393 -1.6913 11.7788
Car -1 -1 -1.2089 152.7261 195.3406 306.3552 278.4848 1.5082 1.6088 4.0389 -8.0567 1.7593 15.6447 -1.6845 11.5879
Car -1 -1 -1.5096 692.2850 177.0676 750.6109 232.8662 1.6818 1.6689 3.7985 3.7752 1.4374 23.6986 -1.3516 10.6871
Car -1 -1 -1.3134 282.3167 193.4998 335.8196 224.7969 1.4653 1.6056 3.8115 -15.2103 1.9125 36.7068 -1.7063 6.0387
Car -1 -1 -1.3554 777.9582 177.9349 814.3172 199.8737 1.5051 1.6477 4.2860 13.5412 1.0067 51.5954 -1.0988 4.4046
Car -1 -1 -1.4983 551.2949 177.6337 578.7982 199.8516 1.4521 1.5965 3.8306 -2.8909 0.9577 48.9029 -1.5573 2.9948
Car -1 -1 -1.1533 168.6257 193.1171 241.1195 227.4410 1.4561 1.5827 3.6441 -18.5748 1.8435 33.2481 -1.6628 2.2565
Car -1 -1 1.9521 245.5647 193.6386 296.8593 220.0630 1.4557 1.5439 3.5433 -19.8910 1.9768 42.5646 1.5149 0.8926
Car -1 -1 -1.4229 421.4228 182.3104 450.2275 204.8477 1.7337 1.6765 3.9189 -13.6845 1.5113 57.3190 -1.6573 0.2007
Car -1 -1 2.2134 238.5331 186.0036 287.6268 206.3893 1.4819 1.5505 3.5080 -25.9867 1.5446 54.2696 1.7668 -0.6197
