Car -1 -1 -1.9453 390.9318 189.8044 519.1966 268.7122 1.4802 1.5679 3.7127 -3.6607 1.9113 16.3581 -2.1655 12.5291
Car -1 -1 1.3068 900.8390 167.1363 1037.3340 240.6251 1.4388 1.6476 4.3666 7.9064 1.3272 16.4209 1.7556 8.2889
Car -1 -1 -1.7447 282.9998 184.9073 346.1182 227.2276 1.5178 1.6723 4.1249 -12.1015 2.0444 29.3115 -2.1362 8.1500
Car -1 -1 -2.1776 529.5763 152.0518 828.4136 337.1286 1.9375 1.7658 4.4638 0.5950 1.7201 9.9162 -2.1177 8.1050
Car -1 -1 1.5095 813.2182 167.0097 885.9415 231.1661 1.4279 1.4787 3.4662 5.8080 1.2982 17.9191 1.8230 7.9176
Car -1 -1 -2.8833 464.8174 174.4315 556.6791 209.3818 1.5322 1.5938 3.8519 -4.5092 1.6064 32.7464 -3.0201 7.1329
Car -1 -1 -2.8426 406.9737 177.3401 494.2342 206.4264 1.4740 1.6277 4.1761 -8.3592 1.7158 37.8458 -3.0600 4.6236
Car -1 -1 1.9394 66.0085 187.3215 133.7042 222.3105 1.6743 1.6297 3.9378 -27.0724 2.4865 38.3763 1.3250 2.6740
Car -1 -1 1.6414 0.0000 200.3168 33.8847 309.4738 1.4964 1.6046 3.8224 -11.4292 2.0643 12.9024 0.9165 2.5540
Car -1 -1 0.4650 996.3376 150.2123 1199.3431 215.5312 1.4629 1.6096 3.9533 12.1222 0.9562 18.2722 1.0507 2.0288
Car -1 -1 -1.0651 367.1612 152.4208 404.5842 169.2917 1.4696 1.5830 3.8690 -20.4064 -0.3345 65.7735 -1.3659 1.0048
