Car -1 -1 0.4986 94.8444 184.0213 390.2154 278.9852 1.4998 1.6519 4.3003 -6.2672 1.7077 12.5030 0.0340 15.2492
Car -1 -1 -1.7213 673.2378 182.1953 757.5100 245.9827 1.4342 1.5793 3.7751 2.5695 1.7009 18.6740 -1.5845 12.4333
Car -1 -1 0.3511 293.9768 170.3452 466.4855 230.4054 1.5775 1.6727 4.2113 -6.2898 1.5119 19.8776 0.0446 9.4683
Car -1 -1 3.9349 0.0000 202.0789 128.5021 374.0000 1.4297 1.6392 4.2415 -6.9417 1.7215 6.2852 3.0999 8.4568
Car -1 -1 1.6528 552.2162 175.6688 583.5584 202.2359 1.4948 1.5709 3.5502 -2.4919 1.6690 42.7673 1.5946 7.6418
Car -1 -1 -1.6964 657.1683 177.5381 710.7485 219.1415 1.4768 1.5787 3.8820 2.7577 1.6718 28.0132 -1.5983 6.4019
Car -1 -1 0.2437 374.5372 179.9539 505.7868 224.3602 1.4688 1.6203 4.1536 -5.8513 1.7231 24.9687 0.0135 5.7774
Car -1 -1 0.3869 396.4471 177.8912 512.2658 219.3389 1.5218 1.6041 4.0762 -6.0287 1.7250 27.9096 0.1741 4.9236
Car -1 -1 -1.6029 641.7560 174.0696 668.7660 199.7760 1.5837 1.6117 3.7182 2.8509 1.6656 46.5089 -1.5417 4.6054
Car -1 -1 3.3066 436.6697 174.7249 522.4610 208.3059 1.5523 1.5988 3.7994 -6.1849 1.6436 34.2671 3.1281 4.5635
Car -1 -1 0.0390 492.0489 174.4770 546.9903 196.2439 1.4658 1.5440 3.6952 -6.2210 1.5800 49.6526 -0.0856 4.4502
