Car -1 -1 1.3956 689.4662 181.7833 781.8758 247.2598 1.4253 1.5850 4.0905 3.0122 1.6779 18.3195 1.5585 13.3546
Car -1 -1 1.8006 375.0652 179.9744 495.6199 269.0049 1.4547 1.4952 3.3199 -3.2330 1.6068 13.7138 1.5691 12.4006
Car -1 -1 -1.6594 651.8293 177.3421 688.0650 208.2653 1.5447 1.6008 3.5669 3.1053 1.7947 38.3489 -1.5786 10.6752
Car -1 -1 2.1542 0.0000 178.2092 352.2807 374.0000 1.5345 1.5586 3.7127 -3.2637 1.5854 4.9417 1.5705 9.2765
Car -1 -1 1.0212 816.8888 199.6858 1241.0000 374.0000 1.4669 1.6066 4.0716 2.6770 1.7135 4.5683 1.5512 7.4430
Car -1 -1 1.7399 461.5302 177.2983 541.2264 234.6010 1.4770 1.6192 4.0747 -3.0926 1.6192 20.9687 1.5934 7.3872
Car -1 -1 -1.4097 645.4674 178.2370 680.9233 204.2481 1.4679 1.5718 3.6154 3.2097 1.8070 43.4605 -1.3360 0.0073
Car -1 -1 -1.3306 407.9142 154.6234 471.6880 192.6095 1.4858 1.6527 4.2077 -7.1039 0.7731 30.3309 -1.5607 -0.2328
Car -1 -1 1.5862 558.4036 175.8327 579.7113 195.7450 1.4725 1.5906 3.7367 -3.1655 1.7112 55.8230 1.5296 -0.7961
Car -1 -1 -1.6742 654.1410 163.8025 675.9399 180.9749 1.5385 1.6158 3.8113 5.0305 0.7279 66.5678 -1.5988 -0.8334
