Car -1 -1 2.1350 0.0000 202.6117 274.7585 372.8400 1.6075 1.6080 3.7406 -6.0539 2.0709 9.3463 1.5603 12.1462
Car -1 -1 1.8007 442.7952 186.3535 495.2077 224.4173 1.5354 1.5502 3.4087 -6.2457 2.1681 32.0638 1.6083 10.3709
Car -1 -1 -1.6899 647.1819 176.5999 688.9615 210.6401 1.5779 1.6250 3.6880 2.7856 1.7735 35.7316 -1.6121 10.3130
Car -1 -1 -2.0144 869.0333 188.2822 1241.0000 374.0000 1.4674 1.5266 3.5671 2.9791 1.6135 4.9657 -1.4740 9.7983
Car -1 -1 -1.0993 185.1889 197.0484 251.7202 229.1895 1.5130 1.5979 3.7773 -20.9733 2.8765 38.7421 -1.5954 7.5530
Car -1 -1 -1.0250 100.5019 200.8743 171.0564 230.6444 1.4126 1.5644 3.6538 -25.9568 3.0218 39.5746 -1.6055 6.3760
Car -1 -1 -1.0251 147.5534 201.7700 214.0494 231.6381 1.4211 1.5258 3.5179 -23.4614 3.0759 39.5144 -1.5609 5.6271
Car -1 -1 1.7467 467.4508 186.5829 511.2445 218.4090 1.5009 1.6060 3.8353 -6.2688 2.2536 37.6126 1.5815 5.5780
Car -1 -1 -1.1277 239.0391 193.8338 304.5656 225.8644 1.5226 1.6441 3.9993 -18.1918 2.7131 38.9255 -1.5649 4.5639
Car -1 -1 1.4004 747.5147 172.6831 812.0345 215.1130 1.4868 1.6549 4.3737 6.3310 1.4812 27.5104 1.6266 2.6969
Car -1 -1 1.7000 492.6620 181.6727 526.8165 208.9147 1.6066 1.6434 4.0660 -6.3633 2.1930 45.9101 1.5623 2.2917
Car -1 -1 1.3619 792.2306 165.2572 818.7128 182.0474 1.4731 1.5307 3.9087 17.6329 0.8069 65.2939 1.6257 -0.6428
