Car -1 -1 1.1515 832.5115 193.3432 1143.8060 368.1824 1.4883 1.6396 4.1573 4.0669 1.7959 8.7222 1.5878 13.5114
Car -1 -1 -1.7789 753.6614 186.5242 877.2430 273.0718 1.4512 1.6061 3.8743 3.9661 1.7676 14.6998 -1.5154 12.6707
Car -1 -1 1.6509 543.7217 167.9430 587.0921 205.0786 1.5743 1.6383 4.0570 -1.9962 1.3665 32.6294 1.5898 9.7028
Car -1 -1 1.7881 349.8486 141.4796 527.1560 294.2001 1.8828 1.7016 4.1933 -2.4087 1.4964 10.9907 1.5723 9.0408
Car -1 -1 -1.7191 688.6872 174.3595 738.1777 212.4855 1.5470 1.5925 3.6044 4.3744 1.6163 31.2267 -1.5799 8.9109
Car -1 -1 -1.7614 730.2909 180.5870 813.2251 242.3068 1.5199 1.5781 3.5282 4.3329 1.7537 19.9937 -1.5480 8.7879
Car -1 -1 -1.7394 706.3868 175.8718 765.7216 221.3403 1.5475 1.5763 3.4472 4.5167 1.6659 26.5068 -1.5706 8.7369
Car -1 -1 1.7650 446.9521 173.3715 550.2858 252.2557 1.5772 1.6039 3.7818 -2.4453 1.5907 16.3743 1.6167 7.8160
Car -1 -1 -1.5855 676.9443 170.2223 701.7243 194.8580 1.6009 1.6033 3.8135 5.3091 1.4302 48.8575 -1.4773 2.1303
Car -1 -1 -1.0680 835.2176 155.4517 901.1343 187.8126 1.4839 1.5486 3.3973 12.4353 0.6863 34.7888 -0.7247 0.1848
Car -1 -1 2.0619 551.5550 161.9675 584.4706 177.6117 1.4726 1.5922 3.7822 -4.0572 0.4482 69.9668 2.0040 -0.5956
Car -1 -1 1.6006 574.3955 155.8576 594.2129 173.9746 1.4793 1.5593 3.7768 -2.1623 0.0919 60.8063 1.5651 -0.7535
