Car -1 -1 2.1015 0.0000 210.7509 394.9380 374.0000 1.4058 1.5678 3.9512 -2.8366 1.7603 4.7605 1.5641 11.7182
Car -1 -1 -1.6763 653.2074 179.4382 700.4573 214.9389 1.4165 1.6312 3.9824 2.8159 1.7230 31.5355 -1.5872 9.8345
Car -1 -1 1.6681 505.2317 182.2114 559.4085 226.7631 1.4445 1.5854 3.8059 -2.7828 1.8082 26.1040 1.5619 9.2721
Car -1 -1 -1.6948 640.2879 178.6756 675.4800 205.4558 1.4643 1.5940 3.7449 2.7222 1.8206 42.1998 -1.6304 4.7089
Car -1 -1 -1.5545 552.9797 179.4612 580.1819 205.9273 1.5244 1.5998 3.5885 -2.6697 1.9471 44.2958 -1.6147 3.9496
Car -1 -1 -2.8965 403.1782 144.7149 481.6239 173.0231 1.5987 1.6789 4.1246 -9.6589 0.0099 41.6201 -3.1245 3.1882
Car -1 -1 -1.7274 634.8341 168.4717 669.0898 193.2453 1.5284 1.6234 3.7957 2.6290 1.2584 46.4822 -1.6709 2.2754
Car -1 -1 2.2247 0.0000 188.5767 246.7228 362.3256 1.5406 1.6508 3.9749 -6.3387 1.7759 8.7684 1.5988 1.2071
Car -1 -1 1.6989 512.2352 178.4752 561.2831 217.8292 1.5985 1.6627 3.9694 -3.2106 1.8629 31.8854 1.5985 1.1810
Car -1 -1 -1.6925 671.6133 161.4437 699.6336 183.7977 1.6657 1.6667 4.0726 5.7850 0.8158 55.8127 -1.5892 0.3652
Car -1 -1 -1.6343 628.0478 174.5032 648.1677 191.3728 1.4627 1.5727 3.6225 2.4772 1.6153 64.7488 -1.5961 0.1992
