Car -1 -1 -1.8702 769.3776 181.5470 941.4337 299.7566 1.5198 1.5466 3.3838 3.5622 1.6759 11.2218 -1.5628 13.9627
Car -1 -1 -1.8108 716.0280 179.9322 828.9414 254.1436 1.4872 1.6286 4.0019 3.5950 1.6729 16.8678 -1.6008 13.8442
Car -1 -1 1.8311 405.8778 179.7247 483.2643 234.2795 1.4822 1.4911 3.1750 -4.9207 1.7038 21.6207 1.6073 13.0513
Car -1 -1 -2.0924 854.3814 190.5717 1241.0000 374.0000 1.4954 1.6029 3.9144 3.3739 1.6868 5.8175 -1.5669 11.3954
Car -1 -1 2.2540 0.0000 203.2543 233.9315 374.0000 1.4533 1.6417 4.2452 -4.9927 1.7905 5.8502 1.5475 10.1180
Car -1 -1 1.7983 444.7590 176.9950 511.8484 222.3428 1.5036 1.5866 3.7541 -4.7381 1.6652 26.1840 1.6193 9.2434
Car -1 -1 -1.7486 703.7573 179.2601 777.5334 232.5566 1.4891 1.6004 3.7599 3.9312 1.7059 22.4933 -1.5756 8.3807
Car -1 -1 -2.3946 0.4372 140.4963 98.1528 167.1663 1.4667 1.6672 4.4532 -31.9616 -0.3320 41.1377 -3.0551 3.3882
Car -1 -1 1.4323 735.7862 158.2611 773.8278 188.6048 1.7381 1.6843 4.1062 8.6268 0.9025 43.4243 1.6285 2.2075
Car -1 -1 -0.1886 0.0000 144.8004 43.2483 290.9273 1.4871 1.5891 3.8819 -10.1085 1.2020 9.4066 -1.0099 -0.1229
Car -1 -1 0.8269 1102.7954 166.5496 1241.0000 220.6981 1.4624 1.5961 3.7637 16.7709 1.2925 21.4231 1.4911 -0.6313
