Car -1 -1 1.8625 319.6005 185.1542 400.6637 230.2415 1.4638 1.6547 4.3780 -9.2189 1.9598 26.8530 1.5318 8.4854
Car -1 -1 1.7683 443.6907 179.1019 481.4983 203.1384 1.4749 1.6601 4.1096 -9.6606 1.9035 47.3978 1.5672 5.4488
Car -1 -1 -1.5293 587.9447 175.7782 615.2580 200.1344 1.5234 1.6414 3.9556 -0.5480 1.7249 47.6099 -1.5408 5.2086
Car -1 -1 1.8113 422.0635 175.3300 476.5079 210.6891 1.5048 1.5896 3.6635 -7.2805 1.6241 32.8120 1.5929 1.9307
Car -1 -1 -1.7139 673.1439 175.2098 719.0182 209.0301 1.4506 1.5719 3.6331 3.8452 1.5648 33.0385 -1.5981 0.9898
Car -1 -1 1.9450 300.6527 154.4087 336.5462 172.2837 1.5435 1.6372 3.9637 -25.9882 -0.0521 64.4185 1.5615 0.8474
Car -1 -1 1.8515 341.2207 181.7540 426.3306 232.5593 1.4512 1.6096 3.8266 -7.2108 1.7618 23.2132 1.5504 0.3908
Car -1 -1 1.7385 479.8916 178.2925 503.3384 194.5297 1.4821 1.5729 4.0181 -11.3428 2.0194 69.2213 1.5761 0.3675
Car -1 -1 1.7441 444.8896 178.7943 488.8784 209.5107 1.5034 1.6209 3.9481 -7.5285 1.8337 38.0746 1.5489 0.3400
Car -1 -1 -0.7790 1121.7268 168.5981 1241.0000 324.3438 1.4747 1.6103 3.9815 7.9726 1.4347 7.6835 0.0249 -0.1474
