Car -1 -1 -1.9875 737.5759 195.6446 1018.4682 371.3787 1.4785 1.5993 3.8103 2.7726 1.8117 8.5580 -1.6742 14.2274
Car -1 -1 -1.6922 604.9613 187.5033 669.0622 238.3171 1.4497 1.6245 3.9413 0.7615 1.9745 23.7920 -1.6602 12.8742
Car -1 -1 2.0038 0.0000 214.8058 257.1960 374.0000 1.4269 1.5849 3.8432 -5.7544 2.0472 8.6399 1.4162 12.8597
Car -1 -1 1.7608 419.1701 189.4963 464.1522 222.5753 1.5900 1.6456 3.8558 -8.9834 2.5261 38.6082 1.5322 9.5277
Car -1 -1 -1.6605 592.7199 184.7102 641.4806 227.0783 1.5480 1.6313 3.9825 0.1844 2.0679 29.5608 -1.6543 8.6947
Car -1 -1 -2.8954 817.3603 170.7452 956.3461 220.0937 1.5000 1.6091 3.9985 9.0154 1.4363 23.7330 -2.5323 7.0125
Car -1 -1 2.2483 0.0000 234.3648 100.0647 374.0000 1.5052 1.6324 4.2416 -4.7897 2.0324 3.9346 1.3652 4.9934
Car -1 -1 -2.8731 753.0823 174.6423 862.7127 212.3120 1.4601 1.6234 4.0938 8.1255 1.5388 29.8698 -2.6075 4.4397
Car -1 -1 -1.6447 579.0556 181.1232 603.1189 201.3790 1.5202 1.6353 3.9647 -1.5732 2.2074 57.8796 -1.6719 3.8560
Car -1 -1 1.7702 438.2867 187.7151 478.4185 216.9305 1.6061 1.6292 3.9369 -9.1523 2.5462 43.6473 1.5635 1.8401
Car -1 -1 -1.9917 360.3402 183.3276 401.3175 204.8406 1.4581 1.5605 3.4575 -16.7158 2.2463 52.4700 -2.3001 1.4140
Car -1 -1 1.5305 1194.6035 164.4800 1241.0000 263.8969 1.4501 1.5285 3.5427 10.9699 1.3283 12.3767 2.2557 1.1582
