Car -1 -1 1.7721 423.5110 175.9545 517.2581 243.1809 1.5325 1.6154 3.8805 -3.5184 1.6211 18.5773 1.5849 14.4858
Car -1 -1 1.2546 716.0663 181.9749 923.2347 324.3179 1.5438 1.5968 3.6520 2.5792 1.6934 9.9347 1.5086 14.2275
Car -1 -1 1.9374 204.7920 174.5522 438.3091 329.5260 1.5943 1.5571 3.5269 -3.4603 1.6206 9.2286 1.5786 12.8374
Car -1 -1 -1.7180 671.8823 188.4207 752.6229 250.2269 1.3759 1.5482 3.5194 2.5074 1.8185 18.7225 -1.5849 12.0837
Car -1 -1 1.4417 646.8410 181.5924 699.9789 221.7673 1.4607 1.6166 4.0458 2.4499 1.8395 29.1843 1.5255 7.4608
Car -1 -1 1.5590 501.2706 175.7676 542.7372 216.1632 1.5494 1.6017 3.8199 -3.7211 1.6789 29.9623 1.4354 7.1915
Car -1 -1 -1.6781 637.7405 179.6137 677.7677 213.2280 1.5212 1.5674 3.5364 2.2418 1.8680 35.1757 -1.6144 6.0891
Car -1 -1 -1.6598 633.8984 178.9137 668.3290 206.9888 1.4463 1.5695 3.6559 2.1908 1.7967 39.8222 -1.6048 4.0686
Car -1 -1 1.7462 532.4028 179.5670 565.9449 204.6848 1.4494 1.4883 3.3753 -3.7314 1.8784 44.3165 1.6622 0.1856
Car -1 -1 -0.7469 1080.1268 189.4077 1241.0000 344.9604 1.4591 1.5869 3.7201 7.3851 1.6563 7.7587 0.0138 -0.0367
