Car -1 -1 -1.1516 112.2110 193.7519 377.5103 325.6511 1.4406 1.6557 4.4750 -4.8845 1.5920 10.3930 -1.5910 13.8091
Car -1 -1 -0.9310 0.0000 195.7856 165.1452 313.6186 1.4453 1.5316 3.5707 -8.6186 1.6340 10.9431 -1.5981 11.0043
Car -1 -1 -1.2500 267.4274 183.3988 372.8500 244.4271 1.5874 1.6332 4.0064 -8.1933 1.5413 20.7397 -1.6263 10.1371
Car -1 -1 -1.2831 338.5308 182.9664 418.7097 229.2165 1.5790 1.6718 4.3346 -8.4355 1.5033 26.7199 -1.5889 8.9925
Car -1 -1 -1.0834 148.2010 183.2906 277.9142 243.6152 1.6117 1.6631 4.0045 -11.5108 1.5614 21.2120 -1.5806 8.7604
Car -1 -1 -1.3803 410.2541 149.8347 508.6072 236.2231 2.4549 2.0474 5.7124 -4.6515 1.4506 23.2866 -1.5774 6.8582
Car -1 -1 -1.5749 572.2274 181.0804 602.6940 209.4435 1.5530 1.6688 3.9062 -1.2055 1.3277 41.3371 -1.6041 5.7809
Car -1 -1 -1.4457 486.5214 186.2732 529.4584 217.8927 1.4535 1.5978 3.9753 -4.8547 1.5094 35.1727 -1.5828 4.3453
Car -1 -1 -1.4415 506.4191 184.4754 538.6891 209.2908 1.5438 1.6097 3.7445 -5.5053 1.4989 46.5999 -1.5591 2.8060
Car -1 -1 -0.9262 664.6315 172.4793 713.2430 192.4738 1.4719 1.6158 3.9943 6.2163 0.5354 54.9223 -0.8135 1.7513
Car -1 -1 1.9747 344.1478 170.7924 397.6593 197.3035 1.4698 1.5605 3.8789 -13.7478 0.6713 41.8497 1.6573 0.3717
Car -1 -1 1.8461 372.6396 171.8114 405.1226 190.7904 1.5459 1.6151 3.9125 -18.3960 0.4552 60.5198 1.5510 -0.4504
