Car -1 -1 -2.0353 863.8557 196.4217 1241.0000 374.0000 1.4528 1.5859 3.7227 3.7049 1.7352 6.7416 -1.5328 13.4058
Car -1 -1 1.8974 252.3835 191.5323 457.8100 334.5228 1.4828 1.5384 3.3584 -3.2083 1.7753 9.6012 1.5749 12.4098
Car -1 -1 -1.8277 741.7180 175.1863 901.0710 287.7147 1.6038 1.6218 3.8005 3.3318 1.6500 12.2669 -1.5625 11.2131
Car -1 -1 -1.6713 682.2792 181.9919 743.1866 229.7935 1.4505 1.6391 4.1896 3.4009 1.7922 24.8265 -1.5352 10.2856
Car -1 -1 2.3520 0.0000 202.1950 269.3259 374.0000 1.5470 1.5930 4.1367 -3.2362 1.7578 3.0808 1.5420 9.2461
Car -1 -1 1.6942 468.6052 165.9634 548.0274 236.3726 1.8378 1.7497 4.4558 -2.8934 1.6583 21.0699 1.5577 8.8968
Car -1 -1 1.5944 546.2644 176.0928 575.4603 204.1202 1.5579 1.6279 4.0526 -2.8962 1.7589 42.6402 1.5266 8.6201
Car -1 -1 -2.5084 1107.9738 210.7042 1241.0000 374.0000 1.4609 1.5321 3.6424 3.6490 1.6893 2.4990 -1.5381 7.1002
Car -1 -1 1.6990 497.9375 179.4713 554.5903 224.7193 1.5066 1.6043 3.6477 -3.0358 1.7658 26.3925 1.5844 5.2012
Car -1 -1 -1.6730 676.5796 177.5067 722.2410 217.4525 1.5458 1.5329 3.4306 3.6278 1.7511 30.0497 -1.5529 5.0602
Car -1 -1 -1.6568 667.1826 177.4144 704.9266 210.3475 1.5673 1.5864 3.7232 3.7853 1.8116 36.7289 -1.5541 4.9855
Car -1 -1 -0.9493 752.4882 155.4966 808.4073 178.5736 1.4976 1.6346 4.0363 11.5177 0.3715 48.7645 -0.7173 4.8664
Car -1 -1 -1.6836 654.1421 175.0980 688.5105 203.9393 1.5697 1.5747 3.4365 3.4337 1.7039 41.2793 -1.6006 2.6676
Car -1 -1 -0.9997 766.2852 156.6585 821.9874 181.1269 1.4666 1.5652 3.8090 11.5096 0.4962 45.1146 -0.7499 2.1391
Car -1 -1 1.7726 471.8534 147.1497 511.9770 174.3049 1.4588 1.5539 3.5108 -6.6227 0.0783 40.5427 1.6107 -0.3879
