Car -1 -1 -1.7232 571.3273 182.3106 634.9100 232.2416 1.5779 1.6583 3.9927 -0.3700 1.9428 25.7038 -1.7376 11.8502
Car -1 -1 0.4864 0.0000 175.7415 295.6453 289.6083 1.7155 1.6458 4.1705 -7.6876 1.7675 11.9183 -0.0865 10.7795
Car -1 -1 3.8189 0.0000 189.6344 188.6915 332.0404 1.5233 1.6094 3.6620 -7.4871 1.7478 8.7753 3.1125 10.7201
Car -1 -1 -1.4441 337.6072 180.7219 416.7396 245.6600 1.5621 1.6090 3.6375 -6.3181 1.7991 19.7579 -1.7536 6.4934
Car -1 -1 -2.2343 187.7466 174.5953 259.3749 203.5295 1.5098 1.5763 3.5603 -21.0635 1.6084 39.2592 -2.7267 2.1030
Car -1 -1 -1.7592 515.5065 181.7263 541.0911 199.5452 1.4515 1.5662 3.5434 -7.1378 2.2455 62.6154 -1.8727 1.7052
Car -1 -1 -1.4963 571.2799 159.4308 593.8490 177.6707 1.4710 1.5999 3.8431 -2.2802 0.3888 60.1351 -1.5342 0.4810
Car -1 -1 3.3108 362.4023 173.3614 437.0618 200.7022 1.6579 1.6932 4.2342 -13.0540 1.6906 44.8728 3.0277 0.3647
Car -1 -1 0.3358 283.4350 179.0687 418.6455 227.3722 1.6720 1.6846 4.2802 -9.3145 1.9041 26.0519 -0.0076 -0.1118
Car -1 -1 1.7388 380.9478 184.5188 434.5551 222.5121 1.5246 1.6433 4.1823 -9.0548 2.0845 32.4451 1.4666 -0.6394
