Car -1 -1 -2.5599 38.2069 184.7036 262.6442 262.2917 1.4655 1.5510 3.5938 -9.2870 1.7203 14.6796 -3.1240 14.0585
Car -1 -1 -1.7879 685.0130 174.5335 852.5600 291.3374 1.4665 1.6171 3.9758 2.1665 1.4974 11.1211 -1.5955 13.6813
Car -1 -1 -1.7733 636.0946 169.4774 708.9538 220.4403 1.5311 1.6212 3.8415 1.9155 1.4300 23.6799 -1.6926 12.5648
Car -1 -1 -1.4895 479.1388 172.2129 537.3382 222.4261 1.5826 1.6619 3.8896 -3.4524 1.5628 24.7279 -1.6282 11.0197
Car -1 -1 -0.7435 0.0000 193.0276 155.1605 374.0000 1.4821 1.5667 3.9271 -3.4156 1.6078 2.4333 -1.6953 7.4677
Car -1 -1 3.8554 0.0000 202.2944 79.0459 360.0565 1.4359 1.5776 4.0136 -8.5450 1.8011 7.9391 3.0333 6.9545
Car -1 -1 3.8863 0.0000 190.6608 64.8046 264.8062 1.4046 1.5917 3.7489 -13.7502 1.7912 14.8499 3.1393 6.6368
Car -1 -1 -1.6338 620.1983 165.1577 654.7202 199.5416 1.8246 1.6748 3.8474 1.4504 1.4165 40.2309 -1.5978 4.6666
Car -1 -1 -1.6458 625.8327 171.0783 674.6050 213.3811 1.6321 1.6893 4.3016 1.5591 1.5640 30.0052 -1.5939 3.7939
Car -1 -1 -1.5086 517.4253 173.1233 552.2949 203.9526 1.5610 1.6216 3.7310 -3.9962 1.5764 38.4623 -1.6121 2.8167
Car -1 -1 0.1685 473.6573 157.8502 528.2285 176.9993 1.4565 1.6108 3.9539 -8.4192 0.3157 55.7211 0.0186 0.3928
