Car -1 -1 -0.3003 729.9119 184.4816 873.6409 236.8171 1.4562 1.5572 3.8129 5.5524 1.8142 21.3228 -0.0455 13.7608
Car -1 -1 0.5360 50.4918 182.0481 379.3312 294.4090 1.5580 1.6100 4.1866 -5.9379 1.7105 11.0420 0.0426 12.0379
Car -1 -1 -0.6366 954.7221 196.4204 1241.0000 319.9611 1.3962 1.5290 3.4087 6.4466 1.7262 9.2761 -0.0293 11.4207
Car -1 -1 3.8326 0.0000 200.4749 230.5076 374.0000 1.4375 1.6659 4.3680 -6.0551 1.7201 6.3901 3.0741 10.9052
Car -1 -1 0.4632 142.1011 186.3212 404.7081 275.2649 1.5117 1.5792 4.1463 -6.1601 1.7777 13.3739 0.0316 10.0295
Car -1 -1 0.2258 388.0932 179.7929 508.2339 219.5797 1.5548 1.6696 4.5080 -6.5544 1.8455 29.3376 0.0059 9.8723
Car -1 -1 -0.5580 870.0846 186.4983 1153.3865 290.8269 1.5182 1.5913 3.7252 6.2991 1.7560 11.6446 -0.0621 9.3905
Car -1 -1 0.6183 0.0000 192.8761 277.4367 331.5242 1.5117 1.5218 3.6032 -6.2848 1.7787 8.8461 0.0006 8.6928
Car -1 -1 3.4570 197.8430 174.5705 421.8466 254.3918 1.6591 1.6479 4.2921 -6.5617 1.6999 16.0160 3.0681 8.2988
Car -1 -1 -2.8570 314.7997 184.3571 462.9637 237.6186 1.4610 1.6255 3.8176 -6.3927 1.8092 20.9834 -3.1527 7.9681
Car -1 -1 1.5215 516.3674 177.9162 544.8367 203.1533 1.5870 1.6830 4.3896 -5.4178 1.9444 48.5932 1.4105 2.1693
Car -1 -1 1.6290 621.2071 177.7585 641.8228 195.4832 1.4814 1.5882 3.9283 1.8980 1.9269 63.4520 1.6589 1.7080
Car -1 -1 -1.5225 513.1221 176.7736 538.5505 199.1274 1.5335 1.6388 4.0668 -6.0934 1.8294 52.3119 -1.6385 1.4765
Car -1 -1 1.5243 496.5061 180.3340 528.3363 208.9132 1.5736 1.6822 4.1619 -5.9010 2.0433 43.0749 1.3881 -0.6354
