Car -1 -1 2.0838 75.7775 196.1427 253.4520 279.0657 1.5077 1.6193 4.0464 -9.8696 2.1008 16.3139 1.5397 13.3176
Car -1 -1 -1.4301 461.9298 179.5551 538.8517 243.5359 1.5866 1.6096 3.7433 -3.0105 1.7916 20.1607 -1.5783 11.5696
Car -1 -1 1.9071 317.9382 188.4122 381.0792 223.7404 1.5604 1.6687 4.1451 -12.8644 2.3771 35.7774 1.5619 7.9704
Car -1 -1 -1.6225 581.4857 178.1807 610.6556 204.6308 1.6138 1.6795 4.1430 -0.9791 1.9769 47.0040 -1.6433 6.6950
Car -1 -1 1.8424 341.5456 184.5942 414.2960 229.6298 1.5743 1.6646 4.1843 -9.0866 2.0721 28.4480 1.5332 2.4287
Car -1 -1 -1.2552 402.5543 185.0287 436.7233 204.5051 1.5082 1.6083 3.9989 -15.9306 2.5634 60.4681 -1.5128 2.0035
Car -1 -1 -1.0560 174.5553 188.3823 217.1704 206.1100 1.4677 1.6085 3.9380 -37.3655 2.9130 65.1645 -1.5766 0.4826
Car -1 -1 2.2596 0.0000 191.5894 165.8271 366.2671 1.4695 1.6268 3.9629 -7.2863 1.7423 8.4934 1.5505 -0.1953
Car -1 -1 -2.2927 932.7167 150.5930 1008.6089 180.3078 1.4735 1.5666 3.5810 18.7325 0.3700 37.7077 -1.8316 -0.3384
Car -1 -1 1.3422 942.7870 160.6126 978.7422 182.7767 1.6398 1.6216 3.9789 26.9024 0.7345 55.4986 1.7936 -0.6232
