Car -1 -1 -1.8567 746.9933 184.2145 958.6351 336.1802 1.4601 1.5191 3.2066 2.6652 1.6241 8.7807 -1.5620 12.8890
Car -1 -1 1.7656 451.4596 180.6268 512.4839 226.4890 1.6127 1.6138 3.8407 -4.9245 1.9352 27.9630 1.5913 12.8638
Car -1 -1 -1.6839 662.5115 177.2941 720.8182 226.5355 1.5266 1.5682 3.3864 2.6452 1.6873 24.3692 -1.5758 12.3893
Car -1 -1 -1.2507 288.3878 183.5767 448.4183 288.1505 1.6617 1.6768 4.1739 -4.5046 1.9011 13.9860 -1.5622 11.7754
Car -1 -1 -0.8839 0.0000 217.8614 240.7838 374.0000 1.4591 1.5633 3.9884 -4.2593 1.8859 4.8108 -1.6086 9.1503
Car -1 -1 1.7474 506.2842 184.1790 542.9590 210.2787 1.4549 1.5885 3.6714 -5.1626 2.1712 43.7302 1.6299 4.4216
Car -1 -1 1.6786 542.0080 181.9388 565.4192 200.1096 1.4730 1.6081 3.9428 -4.8640 2.2851 62.4754 1.6009 2.9479
Car -1 -1 -1.5054 634.8642 178.2439 655.2826 195.2942 1.4499 1.5872 3.6901 3.1394 1.9465 64.4957 -1.4568 2.5772
Car -1 -1 -0.3120 742.6967 167.8458 868.4612 210.6250 1.6376 1.7100 4.5002 7.6424 1.4462 28.5861 -0.0508 2.0307
Car -1 -1 2.7696 692.9456 161.9118 762.0677 185.8530 1.5911 1.6760 4.3421 7.9700 0.8643 49.2259 2.9302 -0.8033
