Car -1 -1 -1.9884 794.1301 180.5706 1137.9730 374.0000 1.6145 1.6342 3.6800 3.1265 1.7130 7.3279 -1.5852 12.7133
Car -1 -1 -1.7645 684.9023 183.8077 761.0379 244.4384 1.5563 1.5532 3.2240 3.1202 1.8968 20.7579 -1.6153 12.0082
Car -1 -1 3.6423 35.8490 180.5454 331.2643 286.1584 1.5015 1.5686 3.6500 -6.5081 1.6302 11.2069 3.1162 11.1332
Car -1 -1 0.3474 142.4650 179.8042 409.7452 272.5790 1.5713 1.6582 4.1757 -6.0499 1.7099 13.3552 -0.0779 9.7229
Car -1 -1 -3.3430 728.0434 185.8769 840.2759 224.5908 1.4323 1.5751 4.0140 6.6782 1.9556 28.1158 -3.1098 9.0544
Car -1 -1 0.2486 324.8631 177.2498 483.4713 239.7912 1.7065 1.6472 4.0939 -5.8529 1.8383 20.6875 -0.0271 8.6092
Car -1 -1 3.9407 0.0000 196.1148 129.8420 374.0000 1.4702 1.6492 4.2674 -6.5360 1.6836 5.6590 3.0835 8.2292
Car -1 -1 0.3546 287.3120 183.5047 461.4417 245.8546 1.4829 1.5473 3.9057 -5.9425 1.7661 18.3021 0.0407 8.1273
Car -1 -1 -1.6531 636.6760 163.9402 674.8213 202.1821 2.3924 2.0477 5.8394 2.9415 1.8351 48.0779 -1.5920 6.7998
Car -1 -1 3.2782 470.9074 180.1002 538.9590 206.4090 1.5678 1.6282 3.9491 -6.4424 2.0213 44.2831 3.1337 4.9473
Car -1 -1 3.5381 210.4417 181.5757 423.0715 254.4369 1.4985 1.6107 4.0246 -6.3864 1.7008 15.8697 3.1555 4.5455
Car -1 -1 3.1594 492.0514 177.6839 553.2365 202.6219 1.6555 1.6482 4.0843 -5.9784 1.9929 49.3228 3.0388 3.6546
Car -1 -1 3.3223 366.8998 181.3306 488.1899 227.5465 1.5488 1.6244 3.9217 -6.4044 1.8593 25.4612 3.0759 2.0013
Car -1 -1 -1.4769 407.7088 165.5638 434.7798 186.0649 1.4634 1.5975 3.7609 -13.9826 0.9434 53.4857 -1.7326 -0.4192
Car -1 -1 -3.6768 1003.4336 177.0287 1075.4718 198.9434 1.4815 1.6163 4.0182 29.6282 1.7753 49.8938 -3.1409 -0.7745
