Car -1 -1 -1.9381 763.9635 186.6980 1102.5337 374.0000 1.4523 1.6318 4.0021 2.7701 1.6322 7.3490 -1.5777 14.9783
Car -1 -1 -1.7778 684.7652 166.9178 783.2945 248.5526 1.6896 1.5736 3.2302 2.6931 1.5671 16.5800 -1.6167 10.8795
Car -1 -1 0.4273 202.7949 174.6496 425.4999 253.3100 1.5548 1.6203 4.0323 -6.1695 1.5952 15.1935 0.0416 10.5787
Car -1 -1 -1.6835 651.7200 172.8763 697.9279 208.4663 1.4108 1.5568 3.3169 2.6268 1.4121 30.2791 -1.5969 9.6916
Car -1 -1 0.2386 393.5625 168.9433 515.0291 210.1271 1.5437 1.6490 4.3290 -6.0049 1.3975 27.9246 0.0268 8.7075
Car -1 -1 0.4211 258.1997 171.6266 452.0259 239.1360 1.5824 1.6397 4.2365 -6.2884 1.5540 17.9036 0.0833 8.6740
Car -1 -1 0.2790 372.5366 170.3320 497.3556 213.8169 1.4999 1.5516 4.0586 -6.2308 1.4133 25.7440 0.0415 8.4266
Car -1 -1 0.3317 294.8342 164.9946 454.6277 219.7217 1.6563 1.6943 4.4778 -7.3665 1.4188 22.7223 0.0182 3.8768
Car -1 -1 0.1075 507.1363 167.8328 554.4942 186.1965 1.4680 1.5487 3.6700 -6.4141 1.0670 58.4555 -0.0018 1.7890
Car -1 -1 1.5963 630.1947 168.5033 649.8329 185.9094 1.5017 1.6486 4.0387 2.6816 1.1267 64.3159 1.6380 1.5690
Car -1 -1 -1.7160 661.5727 162.5612 691.4460 183.9494 1.4823 1.5998 3.8180 4.7225 0.7693 51.9531 -1.6253 -0.4056
Car -1 -1 1.1788 508.9417 171.2669 551.7933 193.1732 1.4804 1.6068 3.9606 -5.6843 1.3735 50.8785 1.0676 -0.7352
