Car -1 -1 1.8644 317.2794 184.9680 507.8445 302.4680 1.4419 1.6672 4.4374 -2.9319 1.6744 11.5705 1.6162 15.5656
Car -1 -1 -1.8373 725.8044 189.0866 892.9423 307.2647 1.4935 1.5875 3.6433 2.9042 1.7930 11.4561 -1.5890 13.7171
Car -1 -1 1.0338 846.2321 187.9227 1241.0000 374.0000 1.6106 1.6634 4.1770 2.9396 1.7524 4.6612 1.5965 12.0808
Car -1 -1 1.3928 689.4562 185.0518 791.5751 261.1124 1.4910 1.6112 4.0283 2.8500 1.8098 16.8119 1.5607 11.2268
Car -1 -1 1.7778 428.9759 178.5409 526.7391 252.9987 1.5930 1.6089 3.6925 -3.1476 1.7468 17.5899 1.6007 8.9525
Car -1 -1 1.4524 665.5104 180.7697 713.4477 217.7370 1.4395 1.5724 3.9438 3.3005 1.8009 30.9241 1.5587 8.5886
Car -1 -1 1.6525 504.0210 176.1456 554.9101 222.8328 1.5773 1.5676 3.5512 -2.9301 1.7064 26.4250 1.5420 6.4393
Car -1 -1 -1.5998 652.4027 178.3547 676.3021 200.7151 1.4953 1.5741 3.5776 3.7806 1.8981 50.9669 -1.5258 5.7911
Car -1 -1 -0.3521 790.7817 157.1256 934.7256 203.8899 1.4809 1.6505 4.1489 8.1837 0.9832 23.7122 -0.0198 0.7158
Car -1 -1 -1.5968 644.9054 167.8547 669.4547 196.5364 2.4087 1.9996 5.5778 4.0778 1.9892 63.4176 -1.5326 0.5860
