Car -1 -1 -1.9028 752.2681 185.7331 936.7066 301.3129 1.3981 1.5354 3.4682 3.2666 1.6242 10.8818 -1.6112 13.9295
Car -1 -1 1.9280 250.2061 183.7100 402.2951 272.9988 1.5091 1.6073 3.7924 -5.5764 1.7571 14.5578 1.5622 12.4753
Car -1 -1 -2.1576 837.7477 186.1394 1241.0000 374.0000 1.5476 1.6242 3.7630 3.1431 1.6826 5.3837 -1.6292 12.4248
Car -1 -1 2.0740 66.5223 188.6072 315.2822 326.4207 1.5070 1.5463 3.2295 -5.5132 1.7584 9.8769 1.5648 11.0673
Car -1 -1 -1.7407 741.4335 158.2654 794.0579 199.7348 1.7573 1.6756 3.8632 7.0026 1.1395 32.5381 -1.5287 5.4848
Car -1 -1 1.8539 257.1211 177.8507 322.8137 213.8145 1.4661 1.6174 3.9893 -14.1733 1.7031 32.0752 1.4378 4.3697
Car -1 -1 0.9556 474.2707 179.3919 530.5067 204.7247 1.4426 1.5605 3.6496 -6.6114 1.8577 43.9027 0.8062 2.8789
Car -1 -1 2.8637 683.9949 172.0631 730.0692 189.6384 1.4499 1.5351 3.5454 8.1026 1.3850 60.5384 2.9968 1.8202
Car -1 -1 -1.5979 631.6487 184.2765 648.8385 200.3466 1.4807 1.5858 3.9404 2.9478 2.6409 71.2779 -1.5566 -0.5959
Car -1 -1 1.8164 407.8920 181.4075 434.6201 198.3629 1.5288 1.5957 3.7925 -18.0012 2.3683 68.8797 1.5608 -0.6787
