Car -1 -1 2.6788 873.8726 168.9041 1027.3567 224.8317 1.5130 1.5752 3.5900 9.4827 1.4065 20.3518 3.1148 10.8692
Car -1 -1 -2.5168 0.0000 182.8449 216.6138 265.5180 2.0601 1.8533 4.8401 -13.4198 2.3392 19.1694 -3.1276 9.8036
Car -1 -1 2.4666 1043.2525 159.9565 1234.3362 217.3075 1.5454 1.6721 4.2443 14.7900 1.1982 20.3756 3.0945 9.0207
Car -1 -1 1.1620 190.5744 190.5201 278.6152 233.0359 1.4649 1.5976 3.9990 -14.8055 2.2041 28.2974 0.6799 6.2914
Car -1 -1 -1.3840 478.2629 164.0256 504.4391 182.0666 1.5050 1.5780 3.6140 -10.1878 0.7689 62.0156 -1.5468 1.4879
Car -1 -1 -1.7520 771.9869 174.0543 842.3441 221.2400 1.4675 1.6060 3.9380 6.5704 1.5121 24.5676 -1.4907 0.5486
Car -1 -1 -1.2832 238.1322 161.2926 291.9553 189.8957 1.5683 1.6769 4.2423 -19.9295 0.9347 41.7852 -1.7282 0.4206
Car -1 -1 -1.9445 661.6039 169.9712 714.0297 198.4793 1.4608 1.5799 3.6542 4.1077 1.3135 38.9425 -1.8394 0.0818
Car -1 -1 -1.3113 414.0917 146.1667 459.7031 172.3257 1.4915 1.6471 4.1767 -10.3639 -0.0329 43.3300 -1.5461 -0.5856
Car -1 -1 0.2261 389.6474 162.3357 487.2137 198.5231 1.5585 1.6257 3.9330 -7.5701 1.1059 31.8988 -0.0069 -0.5980
