Car -1 -1 1.7191 406.5796 174.5045 508.0581 259.7214 1.5879 1.5764 3.6927 -3.1776 1.6278 15.4025 1.5156 12.7856
Car -1 -1 -1.7410 679.5584 180.0493 752.7823 233.2624 1.4144 1.5396 3.6715 3.0307 1.6481 21.5362 -1.6012 11.8905
Car -1 -1 -1.8706 726.4028 105.3574 1002.3439 337.3318 2.4834 2.0299 5.4348 3.1137 1.7612 10.4493 -1.5810 10.8471
Car -1 -1 1.6662 495.6191 174.5388 547.4860 214.2978 1.4248 1.6235 4.0444 -3.4105 1.4955 28.0698 1.5453 10.4168
Car -1 -1 -2.3726 939.7556 194.1346 1241.0000 374.0000 1.5385 1.5772 3.8941 3.0604 1.6876 3.0787 -1.5902 9.2774
Car -1 -1 1.6693 526.4814 169.5784 565.6786 205.5601 1.7192 1.6144 3.6529 -3.2049 1.5630 36.3065 1.5813 7.3138
Car -1 -1 1.4504 647.3728 176.7795 689.6783 207.8818 1.4726 1.6656 3.9927 2.8824 1.6837 36.7026 1.5288 5.9085
Car -1 -1 1.6463 559.3815 172.7623 583.0753 191.9574 1.4626 1.5785 3.9175 -3.0536 1.4559 56.9505 1.5927 3.0379
Car -1 -1 1.7947 431.7199 141.6827 470.6538 168.0699 1.6012 1.6242 3.8946 -10.2020 -0.3206 46.4429 1.5785 1.7955
Car -1 -1 1.6369 547.7797 172.0812 577.3035 197.0966 1.5124 1.6065 3.9415 -2.9905 1.4660 45.5906 1.5714 0.6208
Car -1 -1 1.9766 239.3203 158.5588 344.0392 209.1982 1.4802 1.6147 3.9871 -10.0871 1.0627 23.0868 1.5646 -0.6361
