Car -1 -1 1.9304 269.7939 193.9144 459.6376 304.4641 1.4131 1.6228 4.1238 -3.9071 1.8285 12.1182 1.6185 14.4462
Car -1 -1 1.7198 413.8436 184.1672 501.2882 251.8470 1.5041 1.6262 4.1355 -3.9027 1.8330 18.8469 1.5156 11.0211
Car -1 -1 -1.5988 603.3917 177.1710 646.1029 219.1185 1.5649 1.6078 3.4614 0.4999 1.7492 29.0119 -1.5816 9.9081
Car -1 -1 1.5674 490.9077 180.7801 530.1841 218.3681 1.4568 1.5556 3.4652 -4.2601 1.8129 30.5572 1.4289 4.9291
Car -1 -1 -2.8585 376.6845 165.2405 472.6908 196.9890 1.4620 1.6120 4.1085 -8.7473 1.1118 34.0957 -3.1097 3.9975
Car -1 -1 -1.5344 640.1376 161.6784 658.6413 177.9140 1.4495 1.5680 3.6553 3.6229 0.4521 66.3048 -1.4798 2.4908
Car -1 -1 -1.2610 382.9703 150.1110 429.8988 178.1705 1.5544 1.5867 3.6303 -11.7731 0.2949 41.8112 -1.5355 1.7120
Car -1 -1 3.6164 57.4962 182.4447 288.3045 262.5916 1.4368 1.5308 3.5298 -8.4065 1.6353 14.0216 3.0764 0.3919
Car -1 -1 1.6829 527.6234 175.9935 558.4354 200.2860 1.4712 1.5502 3.7592 -4.2691 1.6803 46.0795 1.5905 -0.2101
Car -1 -1 -1.7412 701.3614 181.4600 770.1269 231.3112 1.4701 1.5992 3.7669 4.0155 1.7770 23.8130 -1.5742 -0.5150
Car -1 -1 -1.6754 678.7707 179.6835 725.3388 215.9678 1.4718 1.6296 3.9743 3.9807 1.7942 32.0204 -1.5517 -0.6716
