Car -1 -1 -1.9527 775.3533 188.7535 1088.9346 374.0000 1.5232 1.5855 3.6957 2.9120 1.7306 7.5375 -1.5840 13.9891
Car -1 -1 -1.7443 677.0916 183.3352 759.3089 242.3538 1.4089 1.5926 3.6319 2.8073 1.7225 19.7167 -1.6028 13.7058
Car -1 -1 0.4337 259.5571 177.5742 444.8995 243.2114 1.5594 1.6037 4.1296 -6.4984 1.6858 18.2697 0.0919 13.0662
Car -1 -1 -2.5768 0.0000 173.3112 344.4619 296.9754 1.6508 1.6892 4.2816 -6.3786 1.6584 10.5225 -3.1218 11.6855
Car -1 -1 -1.6602 652.7907 176.1276 700.6506 219.6063 1.7116 1.6701 3.8575 2.7268 1.8597 30.6222 -1.5714 9.8105
Car -1 -1 0.6642 0.0000 171.1657 251.7602 335.8616 1.6034 1.6281 3.8956 -6.3119 1.5873 7.8597 -0.0124 9.5183
Car -1 -1 -2.8852 340.3444 167.1573 483.5368 229.3330 1.9208 1.7388 4.1302 -6.3204 1.7452 23.1777 -3.1514 8.2229
Car -1 -1 3.2938 416.6545 179.6747 512.6653 217.6413 1.5533 1.5966 3.8102 -6.1709 1.8525 30.7208 3.0956 4.4107
Car -1 -1 0.1078 509.7633 179.5802 562.8082 199.0776 1.5047 1.6282 4.0237 -5.8270 2.0449 57.0772 0.0060 2.9530
Car -1 -1 3.3330 392.2992 184.8681 501.9608 224.6711 1.4673 1.6138 3.9140 -6.2943 1.9481 27.9838 3.1118 1.6471
Car -1 -1 3.2743 482.5441 163.4012 537.1609 185.0547 1.4565 1.5482 3.5248 -6.8452 0.8210 49.3146 3.1363 0.6397
Car -1 -1 -0.1134 631.6463 180.5697 686.0218 199.3193 1.4837 1.6412 4.2587 3.9266 2.1223 58.7695 -0.0467 0.6011
Car -1 -1 -1.0999 775.7957 165.6177 825.1723 189.6953 1.5473 1.6168 3.8777 12.7656 1.0826 48.3494 -0.8417 0.2005
Car -1 -1 -0.1669 742.3964 158.4862 793.5749 176.7817 1.5244 1.6338 4.0113 13.3085 0.3276 61.0294 0.0478 -0.6732
