Car -1 -1 1.3055 767.4140 189.3810 997.6469 349.4965 1.4221 1.5625 3.7132 2.9287 1.6653 8.6979 1.6303 14.9220
Car -1 -1 1.7116 548.6878 166.0162 608.0102 217.4212 1.8085 1.6988 4.0942 -1.1693 1.5683 27.5020 1.6691 11.4951
Car -1 -1 3.3475 398.2564 174.2647 532.3335 220.6250 1.4617 1.6186 4.0597 -4.7105 1.5099 23.6250 3.1507 10.3225
Car -1 -1 -1.6428 705.7052 167.6007 759.3013 220.6181 1.8311 1.6878 3.6713 4.4402 1.6500 26.8227 -1.4788 9.4735
Car -1 -1 1.6356 592.9464 173.6601 629.7933 206.5076 1.5426 1.5952 3.7519 0.0767 1.5852 35.9021 1.6378 3.9844
Car -1 -1 1.7511 615.4788 169.7246 650.7178 193.9002 1.5108 1.6067 4.0506 1.5255 1.3156 47.2373 1.7834 1.3192
Car -1 -1 1.6241 546.1603 139.7756 579.4438 168.1917 1.4794 1.6403 4.1050 -2.6241 -0.2734 40.3011 1.5590 0.9893
Car -1 -1 -2.9065 670.3793 173.1279 723.8403 192.0233 1.5333 1.6620 4.1478 7.2342 1.5571 60.0922 -2.7867 0.7589
Car -1 -1 -0.2077 737.3204 157.3212 802.0617 179.3098 1.4801 1.6063 4.0813 10.8640 0.4349 49.3851 0.0089 0.6585
Car -1 -1 2.5260 0.0000 190.6708 47.7843 374.0000 1.4830 1.6016 3.9369 -6.2528 1.6533 4.8769 1.6176 -0.1931
