Car -1 -1 -1.7922 686.3595 185.9379 802.5262 273.8437 1.5089 1.5469 3.5693 2.5568 1.8097 14.7455 -1.6205 12.5425
Car -1 -1 -1.4008 408.8260 190.6407 482.0479 250.2666 1.4932 1.5122 3.3237 -4.7008 2.0477 20.7793 -1.6232 12.2213
Car -1 -1 -1.6712 647.1468 182.7156 700.8014 230.4476 1.4993 1.5206 3.1883 2.1072 1.8623 24.9306 -1.5869 10.3410
Car -1 -1 2.2938 0.0000 207.1734 216.6479 374.0000 1.5247 1.6712 4.3632 -4.6921 1.8642 4.9150 1.5316 9.6222
Car -1 -1 -1.3976 457.5163 183.0557 512.9553 227.3083 1.6658 1.6182 3.9394 -5.1606 2.1188 30.0389 -1.5677 6.5725
Car -1 -1 1.6532 496.2457 183.7714 528.6856 212.3140 1.5991 1.6353 4.0850 -5.9473 2.2983 44.0971 1.5192 6.2312
Car -1 -1 -2.3850 985.8373 79.5178 1241.0000 374.0000 1.4706 1.5560 3.7319 2.9874 1.3797 2.5992 -1.5302 2.1076
Car -1 -1 -0.5698 876.9724 178.1062 1115.4467 260.0623 1.5100 1.6028 3.9593 7.5464 1.6221 14.3849 -0.0867 1.8921
Car -1 -1 -1.6731 626.6668 182.7385 661.7671 211.7866 1.5117 1.5992 3.7202 1.8533 2.0963 40.7437 -1.6277 1.1885
Car -1 -1 1.6218 520.7357 185.2815 541.1761 204.4443 1.4685 1.4951 3.6911 -6.5287 2.5283 59.6229 1.5127 0.9012
Car -1 -1 1.3847 688.7428 173.0910 734.0177 205.6738 1.6294 1.6494 3.9882 5.2619 1.6430 38.1426 1.5218 -0.0907
