Car -1 -1 -1.3241 358.3117 179.4321 473.4000 251.5124 1.5028 1.6464 4.2030 -4.4413 1.3833 17.0909 -1.5783 13.1982
Car -1 -1 -1.5811 580.5577 176.6440 660.1288 254.4091 1.6037 1.6411 3.5624 0.2159 1.4281 16.6044 -1.5681 13.0094
Car -1 -1 -1.0934 78.0453 192.3425 353.9965 341.8149 1.4535 1.5256 3.4488 -4.5623 1.5598 8.8776 -1.5681 12.4639
Car -1 -1 -1.0018 60.4799 186.4732 266.5024 275.5777 1.4693 1.5771 3.7322 -8.3093 1.4978 13.7894 -1.5441 10.7565
Car -1 -1 -1.1455 214.3434 181.8299 309.3592 225.6531 1.4535 1.5622 4.0024 -12.3498 1.3424 25.8560 -1.5911 9.9329
Car -1 -1 -1.2387 303.4551 169.7099 379.5450 215.1015 1.9338 1.8256 4.7395 -12.1351 1.2743 33.0086 -1.5910 7.9866
Car -1 -1 2.0063 227.5177 176.7588 268.8357 194.5068 1.4537 1.5929 4.0002 -30.4184 0.7622 60.8990 1.5431 4.8444
Car -1 -1 1.9109 333.5698 175.0951 415.9613 224.3449 1.6486 1.6257 3.9024 -8.3683 1.3110 26.0339 1.5998 4.7693
Car -1 -1 2.1137 157.2652 178.3932 221.2093 203.0845 1.4775 1.6577 3.9493 -26.1383 1.0704 44.9993 1.5875 3.7817
Car -1 -1 -0.8235 0.0000 180.8500 49.9309 284.9262 1.6044 1.6586 4.2318 -12.7430 1.5383 13.2103 -1.5909 3.1647
Car -1 -1 1.6219 670.7192 182.1610 692.8933 200.4599 1.4807 1.6451 4.1083 6.2306 1.2346 60.3188 1.7248 1.9217
Car -1 -1 -1.4086 517.2829 176.4364 539.8502 191.6880 1.4802 1.6229 3.9637 -7.8815 0.6293 71.7842 -1.5179 -0.0194
Car -1 -1 1.6077 516.5745 176.4647 541.9037 199.0727 1.5254 1.6254 4.0529 -5.5085 0.9361 50.5787 1.4992 -0.2783
Car -1 -1 -1.5391 538.1667 165.2809 562.5942 191.3967 2.1270 1.9086 5.2999 -4.8540 0.5045 61.2352 -1.6182 -0.7657
Car -1 -1 -1.6756 604.4735 174.3769 624.2740 189.4702 1.4629 1.5863 3.7327 0.6309 0.4135 71.6059 -1.6668 -0.7959
