Car -1 -1 -1.3074 329.7226 184.4996 448.7399 257.1227 1.4117 1.5611 3.8171 -4.7219 1.3989 15.8979 -1.5962 14.0395
Car -1 -1 -1.3771 442.1407 179.3225 505.4829 223.0566 1.4246 1.5240 3.5645 -4.6589 1.2338 25.2035 -1.5599 13.5939
Car -1 -1 -1.0664 80.6274 179.4150 268.6415 269.5193 1.5615 1.6050 3.6871 -8.4344 1.4621 14.3189 -1.5988 12.7465
Car -1 -1 -0.9584 0.0000 194.9949 304.4596 375.0000 1.4523 1.5402 3.6863 -4.2514 1.5634 6.2289 -1.5573 11.2123
Car -1 -1 -1.1158 187.9593 176.6227 294.6683 230.0119 1.6522 1.6392 3.9222 -12.2399 1.3874 24.2141 -1.5838 9.1330
Car -1 -1 -1.2082 284.8979 183.7725 382.1809 232.4336 1.4264 1.6103 3.9496 -8.7001 1.3852 23.0438 -1.5692 8.9738
Car -1 -1 -1.5633 575.0972 177.8007 609.2409 208.5130 1.4670 1.6312 3.8116 -0.8056 1.1140 36.2511 -1.5855 8.6460
Car -1 -1 -1.3767 440.8911 171.2840 480.7555 199.4526 1.6578 1.6846 3.9030 -9.0183 0.8390 44.2595 -1.5777 6.6371
Car -1 -1 -1.4246 464.4871 177.2201 511.1501 212.6277 1.5504 1.6061 3.7612 -5.5403 1.2014 33.3683 -1.5891 5.3276
Car -1 -1 3.3224 464.0608 166.1313 509.2646 184.1865 1.4311 1.5043 3.3722 -9.7351 -0.0828 57.8368 3.1556 4.5922
Car -1 -1 -1.1799 323.0821 160.0933 373.0125 184.5200 1.4564 1.5899 3.8462 -16.1913 -0.0442 44.9255 -1.5258 1.8206
Car -1 -1 1.8078 423.5418 174.9054 456.0965 195.1936 1.5323 1.6064 3.9221 -13.1146 0.7547 56.2549 1.5788 0.8504
