Car -1 -1 -1.7403 692.0747 177.3566 754.7797 218.0739 1.4143 1.6486 4.3545 4.2238 1.6014 27.7366 -1.5892 12.7315
Car -1 -1 -1.3728 414.1395 178.1170 515.5250 248.3079 1.5501 1.6846 4.4590 -3.6148 1.7017 18.4999 -1.5657 11.9344
Car -1 -1 -1.5841 555.9360 183.8603 722.5337 346.7122 1.4935 1.5853 3.5273 0.2487 1.6526 8.6302 -1.5552 11.8127
Car -1 -1 -1.4251 467.9201 167.0597 534.4134 224.2901 1.8238 1.7056 4.0492 -3.7252 1.6395 25.0178 -1.5729 10.4450
Car -1 -1 -0.8702 0.0000 191.8391 315.6312 374.0000 1.5030 1.6313 4.0772 -3.2726 1.6586 3.8563 -1.5739 8.1841
Car -1 -1 -1.6852 671.8407 165.8071 719.0930 208.6130 1.9948 1.8182 4.4674 4.1364 1.6668 35.8562 -1.5704 7.3676
Car -1 -1 -1.2828 253.4919 119.9054 478.5313 306.6042 2.3411 1.9244 5.2248 -3.5900 1.6775 11.6673 -1.5813 7.2666
Car -1 -1 -1.5767 583.2191 176.9902 649.3310 240.7412 1.5322 1.6108 3.6642 0.1026 1.6544 19.4095 -1.5714 5.8608
Car -1 -1 -0.3327 557.6518 173.3624 607.9945 190.3163 1.4892 1.6423 4.2275 -2.4685 1.5365 65.0003 -0.3707 -0.6213
Car -1 -1 2.1200 217.2072 187.7389 269.4564 209.5541 1.4844 1.5923 4.0847 -27.4270 2.6432 54.0564 1.6504 -0.7480
