Car -1 -1 -0.4384 756.3245 185.4764 1040.2300 291.4338 1.4948 1.6129 3.8248 4.3492 1.7101 11.3434 -0.0723 12.4369
Car -1 -1 3.6391 0.1501 183.2112 307.2033 275.0892 1.4488 1.6294 4.2484 -7.7743 1.6424 12.5226 3.0835 11.9610
Car -1 -1 -0.3489 719.1640 185.9128 932.3320 269.0600 1.4505 1.5734 3.5745 3.9707 1.7167 13.7762 -0.0682 7.0783
Car -1 -1 -1.8220 450.3520 179.2932 490.2293 205.6021 1.7105 1.7124 4.2883 -9.8202 2.1807 50.3402 -2.0146 6.1203
Car -1 -1 0.7028 0.0000 183.6643 129.4972 370.6251 1.5675 1.6662 4.4452 -7.7187 1.6927 7.2518 -0.1138 5.8129
Car -1 -1 -2.2351 995.5871 184.1080 1060.6795 208.2299 1.4411 1.6070 3.8957 27.1540 2.2072 47.0497 -1.7117 5.7239
Car -1 -1 3.4540 131.8807 169.3287 345.0851 247.7211 1.7725 1.7180 4.2753 -8.8839 1.6931 17.4951 2.9842 5.2835
Car -1 -1 -1.4452 1079.5861 186.1513 1140.6068 226.6559 1.5415 1.6451 4.1321 21.4295 2.1501 30.9145 -0.8391 5.2780
Car -1 -1 0.3023 197.3443 170.2403 370.8636 236.8833 1.7480 1.6827 4.0671 -8.9525 1.6798 19.9993 -0.1186 2.1954
Car -1 -1 3.4922 88.5279 173.8655 312.0570 259.1030 1.6322 1.6050 3.6951 -8.3594 1.6550 14.9260 2.9817 0.9590
