Car -1 -1 1.9404 209.0393 188.9509 448.7904 362.2527 1.5784 1.5175 3.2311 -3.1020 1.8049 8.5021 1.5906 12.0036
Car -1 -1 -1.8270 768.1934 175.4716 949.1607 306.6353 1.6511 1.6473 3.7757 3.5265 1.6987 11.0849 -1.5190 10.4039
Car -1 -1 -2.1198 915.2930 202.9312 1241.0000 374.0000 1.4289 1.5554 3.6763 3.7907 1.7402 5.5839 -1.5234 10.2431
Car -1 -1 1.6958 464.7323 165.1035 550.8257 242.3465 1.8851 1.7792 4.5742 -2.7307 1.6963 19.9032 1.5594 10.1342
Car -1 -1 -1.6770 694.0276 183.5473 758.1335 234.3528 1.4535 1.6172 4.1657 3.6657 1.8358 23.6501 -1.5232 10.0954
Car -1 -1 1.3630 722.8752 183.4316 824.6088 258.6081 1.5911 1.6433 3.8615 3.8429 1.8801 17.7485 1.5763 8.8985
Car -1 -1 2.4877 0.0000 201.7019 201.4194 374.0000 1.4884 1.5823 3.9641 -3.1290 1.6564 2.1731 1.5239 6.8344
Car -1 -1 1.5358 552.6202 176.3554 583.4798 206.1965 1.6168 1.6310 3.8948 -2.4918 1.8287 41.5788 1.4759 5.9388
Car -1 -1 -1.6194 665.1750 177.4570 697.7257 206.9072 1.5386 1.6161 3.7144 3.9009 1.8073 40.1783 -1.5226 4.5270
Car -1 -1 1.7024 500.4216 179.8540 561.3511 228.8440 1.5524 1.6300 3.9135 -2.7480 1.8184 25.4016 1.5946 3.9213
Car -1 -1 -1.7057 687.3530 180.0201 740.8114 222.8502 1.5597 1.6151 3.6427 4.0317 1.8633 28.7085 -1.5662 3.2774
Car -1 -1 -1.0195 779.6023 159.2917 835.3995 184.1282 1.4489 1.5765 3.6938 12.0185 0.6581 43.9284 -0.7524 2.5803
Car -1 -1 -1.0594 766.5059 154.7132 819.8093 181.6691 1.6980 1.6765 3.9588 12.0487 0.5556 47.4591 -0.8108 0.3968
Car -1 -1 -2.3635 691.4034 158.6382 741.0817 178.7082 1.4466 1.5631 3.6124 7.8792 0.4223 53.9178 -2.2184 -0.0371
