Car -1 -1 -2.0448 796.2226 194.1352 1239.9252 374.0000 1.4826 1.5754 3.6045 2.8166 1.7152 6.0397 -1.6085 14.7109
Car -1 -1 1.3483 715.9405 186.5039 888.3840 305.2608 1.4586 1.6452 4.3682 2.7638 1.7191 11.5575 1.5830 14.2319
Car -1 -1 2.0553 0.0000 184.8021 433.2912 374.0000 1.5057 1.6414 4.2134 -2.9573 1.6429 6.1244 1.6054 12.9524
Car -1 -1 1.4428 671.4445 179.9056 732.0870 224.6069 1.4204 1.6051 4.0977 3.1294 1.6913 25.6258 1.5643 11.4807
Car -1 -1 1.8447 332.6270 179.5746 485.2492 287.5625 1.5260 1.5697 3.4731 -3.2580 1.6558 12.1564 1.5829 10.5651
Car -1 -1 1.7242 465.5255 173.6921 535.8714 233.1636 1.5836 1.5205 3.3597 -3.1380 1.6103 20.9413 1.5755 7.9267
Car -1 -1 1.6984 506.2710 176.0787 558.7595 217.4439 1.4859 1.5742 3.6772 -2.9902 1.6200 28.0608 1.5922 6.9428
Car -1 -1 -1.6163 649.9985 175.6471 678.8354 200.1667 1.4703 1.6387 3.8197 3.3713 1.6548 45.6354 -1.5426 6.1659
Car -1 -1 1.7404 481.9627 160.2720 517.9855 185.0347 1.4900 1.6165 3.8265 -6.8992 0.7333 45.3414 1.5894 3.3194
Car -1 -1 1.5879 571.4403 173.8026 590.7182 191.6666 1.5111 1.6229 4.0009 -2.5302 1.5973 63.2654 1.5479 2.0370
