Car -1 -1 -1.8556 760.8412 198.8080 951.2234 321.1194 1.3666 1.5843 3.9624 3.4014 1.8309 10.9005 -1.5531 12.5697
Car -1 -1 1.6609 503.3543 175.4311 554.6316 218.1685 1.5584 1.6594 4.0739 -3.1816 1.6683 28.6088 1.5501 11.4208
Car -1 -1 1.9156 74.1768 128.0877 454.7663 374.0000 1.9281 1.7624 4.2899 -2.8172 1.6314 6.9638 1.5312 10.8435
Car -1 -1 -1.8240 723.8879 187.7219 833.3027 270.8973 1.5883 1.5617 3.3085 3.5789 1.9542 16.0561 -1.6047 10.4824
Car -1 -1 -1.7638 689.3801 183.6502 758.4775 237.7516 1.5335 1.5424 3.2469 3.4726 1.8992 22.7631 -1.6124 10.3027
Car -1 -1 1.8202 349.9083 181.6286 498.9417 293.8766 1.5781 1.5675 3.6667 -3.0198 1.7500 12.2685 1.5789 9.9173
Car -1 -1 0.9252 910.6470 209.8482 1241.0000 374.0000 1.5173 1.6566 4.2677 3.7623 1.8850 5.0253 1.5679 9.7528
Car -1 -1 -1.7386 666.7368 181.4048 725.9540 225.9133 1.5248 1.6129 3.7260 3.1557 1.8719 27.3511 -1.6237 9.5856
Car -1 -1 -1.6956 655.7909 180.6087 701.2082 215.3071 1.4619 1.5971 3.9093 3.0579 1.8411 33.2624 -1.6039 6.4733
Car -1 -1 -1.6351 649.6708 177.4015 679.3131 203.5872 1.5434 1.5998 3.7667 3.3331 1.8398 45.0740 -1.5613 1.6609
Car -1 -1 -1.8086 627.0990 178.5480 653.8003 195.2783 1.4703 1.5926 3.9082 2.7714 2.0149 66.8910 -1.7672 1.1264
Car -1 -1 -1.6719 763.1231 166.8900 790.5555 187.8231 1.4843 1.5757 3.9294 12.2373 1.0618 53.2070 -1.4458 -0.3539
Car -1 -1 1.6385 537.9931 177.5522 568.4982 202.9271 1.4697 1.6128 3.9835 -3.4932 1.7731 44.5294 1.5602 -0.5097
