Car -1 -1 -2.0612 809.1251 178.3954 1241.0000 374.0000 1.6352 1.6539 3.9206 2.9489 1.6954 5.8005 -1.5909 11.6979
Car -1 -1 0.4747 136.2377 179.8453 413.4186 275.2093 1.5515 1.6239 4.1744 -5.8498 1.6845 12.7747 0.0452 11.6733
Car -1 -1 -2.2940 717.4537 175.7990 798.5119 212.7725 1.4785 1.5380 3.4048 6.2573 1.6130 31.0044 -2.0948 10.8964
Car -1 -1 -2.5385 0.0000 174.9931 303.0579 302.9479 1.6198 1.6460 3.8354 -6.5864 1.6525 10.0249 -3.1198 10.4737
Car -1 -1 3.4343 316.4759 176.9061 445.6278 227.4695 1.4919 1.5447 3.4930 -7.0232 1.6214 22.2097 3.1280 8.0015
Car -1 -1 -1.7481 625.9332 176.6465 661.1727 202.2243 1.4592 1.5410 3.3850 1.9496 1.6974 43.4669 -1.7032 7.3218
Car -1 -1 3.4029 338.6978 180.9642 472.8487 226.4917 1.4620 1.6341 4.0659 -6.8486 1.7451 24.3116 3.1283 6.1311
Car -1 -1 -2.7297 186.8378 183.6207 399.6178 260.6544 1.4969 1.5955 3.7376 -6.5390 1.7337 15.0431 -3.1398 5.2142
Car -1 -1 3.2905 431.6958 177.5689 514.6445 207.3419 1.5572 1.6641 4.1984 -7.3679 1.8180 38.9360 3.1035 4.3949
Car -1 -1 3.4019 371.3616 164.5651 499.3938 217.8372 1.9096 1.7630 4.3136 -6.4553 1.6129 26.7951 3.1655 3.7463
Car -1 -1 -2.4086 0.0000 173.4207 218.3943 350.0332 1.6207 1.6152 3.6370 -6.3679 1.6276 7.4818 -3.1137 2.0733
Car -1 -1 1.5813 616.2816 174.9785 639.3967 197.7263 1.5923 1.6311 4.1501 1.3027 1.7549 52.9988 1.6059 0.6415
Car -1 -1 -1.2548 763.3122 156.3558 802.1149 178.7142 1.5536 1.6109 3.8625 12.5013 0.4076 52.2029 -1.0198 -0.0755
Car -1 -1 1.6673 500.7903 172.3576 531.2808 197.5349 1.5717 1.6022 3.9152 -6.1132 1.5411 47.0220 1.5380 -0.6845
