Car -1 -1 -1.8149 701.3990 175.9372 845.2844 281.3572 1.6839 1.6768 4.0243 2.8499 1.7514 13.6849 -1.6095 12.2190
Car -1 -1 0.3610 319.8676 184.0373 473.4547 240.3600 1.4928 1.5392 3.8701 -6.0120 1.8235 20.3946 0.0744 7.6727
Car -1 -1 -1.7311 616.1960 178.2336 646.1176 200.5920 1.4992 1.5704 3.5268 1.4363 1.8946 51.1217 -1.7030 7.5409
Car -1 -1 -2.2415 688.6827 177.2375 749.7674 206.0008 1.4547 1.5062 3.3279 5.8018 1.7022 38.8606 -2.0933 7.3896
Car -1 -1 3.3596 386.7927 178.6663 480.0241 215.3774 1.4671 1.5292 3.5047 -7.3057 1.7148 29.8897 3.1199 5.5017
Car -1 -1 3.3223 414.2232 168.1991 514.9341 209.4724 1.9160 1.7862 4.4627 -6.9125 1.7003 34.4251 3.1242 4.3388
Car -1 -1 0.3586 208.1259 179.0521 422.0952 261.2090 1.6311 1.6394 3.8782 -6.1847 1.7706 15.3215 -0.0251 2.3084
Car -1 -1 1.6988 677.7435 152.4779 708.7736 175.8434 1.4699 1.5761 3.6096 5.4644 0.1884 47.3304 1.8137 1.2024
Car -1 -1 3.3167 404.7921 181.4080 494.3406 215.8741 1.4602 1.5647 3.6431 -7.0701 1.8484 31.8531 3.0983 0.8410
Car -1 -1 1.6721 499.1506 175.2620 530.0048 199.2945 1.5143 1.6337 4.0244 -6.3230 1.6814 47.9066 1.5409 0.1615
Car -1 -1 -2.8674 372.8449 184.9640 493.7289 228.9848 1.4615 1.5890 3.8286 -6.1772 1.9008 25.2868 -3.1070 -0.0792
Car -1 -1 -0.8156 82.2095 147.9667 158.8304 174.2743 1.5721 1.6423 4.0571 -30.6312 0.0852 45.2494 -1.4107 -0.7476
