Car -1 -1 -1.3872 452.7707 183.8673 538.6470 245.4829 1.3812 1.5395 3.7248 -2.9061 1.6962 18.7293 -1.5412 13.5507
Car -1 -1 1.8473 293.3181 172.0850 486.1123 309.8173 1.6865 1.6735 4.0493 -3.0984 1.6775 10.8584 1.5693 13.1389
Car -1 -1 -2.1344 852.5145 196.5094 1241.0000 374.0000 1.4293 1.5195 3.6178 2.3623 1.6003 3.3581 -1.5214 10.2624
Car -1 -1 1.5065 637.8892 176.0496 676.7569 208.3638 1.4888 1.6456 4.1169 2.2487 1.6564 35.7075 1.5694 9.1499
Car -1 -1 1.7354 554.7322 169.3454 587.1364 193.6756 1.7581 1.7249 4.5327 -2.9282 1.5049 54.4838 1.6817 6.0347
Car -1 -1 -2.0021 965.9758 123.9068 1066.1816 169.4002 1.4724 1.5865 3.9457 14.2716 -0.1323 25.6843 -1.4950 2.5896
Car -1 -1 1.6803 524.6697 173.6766 553.0739 195.8306 1.5044 1.5903 3.8637 -5.0263 1.5652 51.0783 1.5822 2.0147
Car -1 -1 -1.6727 674.5336 173.5493 704.3387 197.3591 1.5058 1.5868 3.6052 5.1664 1.5537 47.5435 -1.5644 0.5282
Car -1 -1 -1.7156 629.0483 168.6180 658.3980 191.0860 1.6174 1.6347 3.9455 2.4580 1.3128 53.9815 -1.6701 0.4859
Car -1 -1 0.2919 324.0974 172.2975 476.6170 228.7707 1.6274 1.6646 4.0883 -6.2507 1.6118 21.6448 0.0108 0.3510
Car -1 -1 1.7110 489.8369 175.7922 535.1660 209.9326 1.5850 1.6654 4.2254 -4.8335 1.7405 35.9773 1.5774 0.2561
