Car -1 -1 -1.2731 243.4804 191.9566 380.0777 278.1309 1.4474 1.5235 3.4394 -5.6982 1.5978 14.1275 -1.6565 14.9011
Car -1 -1 -1.7637 639.8641 182.2138 758.5473 274.9479 1.6351 1.6401 3.8775 1.6641 1.5833 14.6692 -1.6507 14.5334
Car -1 -1 -1.3652 352.7195 188.5024 436.3541 244.4580 1.4280 1.5379 3.8081 -6.0205 1.5319 20.5304 -1.6505 13.2034
Car -1 -1 -1.5532 523.0099 182.1160 565.8667 222.1160 1.4899 1.5938 3.5580 -2.5259 1.3755 28.6017 -1.6413 12.6611
Car -1 -1 -1.1610 114.8837 160.2344 280.9914 255.3825 2.1330 1.8768 5.0129 -10.4081 1.5741 18.6976 -1.6689 11.3291
Car -1 -1 -0.9244 0.0000 187.6271 195.5069 375.0000 1.5708 1.5654 3.7409 -4.9857 1.5972 5.5772 -1.6539 9.0079
Car -1 -1 1.5272 564.3487 180.5316 588.2175 200.8782 1.5442 1.6895 4.3335 -2.5364 1.1898 56.7855 1.4825 4.1768
Car -1 -1 1.7328 391.7749 179.0121 455.1963 224.4130 1.6681 1.7351 4.5970 -7.3097 1.4413 28.7732 1.4840 4.0047
Car -1 -1 -1.2770 299.2197 180.8052 371.7911 220.7592 1.4481 1.5995 3.8384 -10.5514 1.2894 28.0182 -1.6372 3.9822
Car -1 -1 -1.3329 339.4318 171.6509 389.9163 202.4449 1.5255 1.6342 3.8790 -12.6795 0.8546 37.6108 -1.6580 3.0576
Car -1 -1 -1.4853 511.2667 185.9393 546.7630 215.2840 1.4679 1.5523 3.7025 -4.1378 1.5091 37.9168 -1.5940 2.6534
Car -1 -1 -1.4664 441.0081 179.7290 475.3555 206.3042 1.4395 1.5591 3.4116 -8.4567 1.1434 40.7085 -1.6712 1.9543
Car -1 -1 1.7366 415.6792 177.3130 440.7836 194.8383 1.4772 1.5541 3.5363 -15.5668 0.8122 62.4124 1.4922 1.6946
Car -1 -1 -1.5707 623.7430 188.1527 646.0489 208.9066 1.4742 1.6015 3.9017 2.0032 1.7024 53.5967 -1.5333 0.0207
Car -1 -1 -1.6929 476.4206 179.1193 499.1676 196.1273 1.4800 1.5855 3.5724 -10.7950 0.9506 64.4865 -1.8588 -0.1642
