Car -1 -1 1.8928 337.2763 191.9149 433.3043 254.0393 1.4988 1.5434 3.4819 -6.2376 2.0804 20.2417 1.5939 13.2542
Car -1 -1 -1.7239 666.3083 174.9059 734.5960 227.1652 1.5724 1.6405 3.9034 2.8528 1.6462 23.8409 -1.6048 11.5736
Car -1 -1 1.8378 398.1948 188.8737 473.8075 235.8888 1.4604 1.6187 4.0467 -6.1749 2.0803 25.8545 1.6033 10.1033
Car -1 -1 0.8902 1083.9161 137.3149 1203.7434 179.0876 1.7988 1.7726 4.9085 24.5940 0.2688 33.5627 1.5226 8.1894
Car -1 -1 1.7107 453.8421 182.4618 501.4835 218.3904 1.5417 1.6545 4.1805 -6.2447 2.0259 34.2149 1.5302 6.9741
Car -1 -1 -0.9402 0.0000 200.0319 100.1381 248.7688 1.5700 1.5559 3.2183 -20.7889 2.6375 26.6946 -1.6019 6.2876
Car -1 -1 0.8822 1152.6743 139.9351 1241.0000 172.9621 1.4943 1.5954 3.6180 28.0441 0.0052 34.4564 1.5653 4.4728
Car -1 -1 -1.4816 532.4123 182.3451 553.4741 199.6514 1.4923 1.5826 3.9923 -6.1618 2.3925 66.4047 -1.5741 0.7854
Car -1 -1 1.7315 479.4237 178.1325 519.0083 207.8602 1.5831 1.6263 3.8909 -6.2874 1.8982 41.0668 1.5795 0.1102
Car -1 -1 3.7152 59.6271 192.8045 250.5720 255.6846 1.4672 1.5923 3.8187 -11.4074 1.9929 18.1755 3.1547 -0.0227
Car -1 -1 1.7772 452.1885 155.7548 484.0455 176.2141 1.4832 1.5969 3.8464 -10.6507 0.2440 54.2397 1.5833 -0.1793
Car -1 -1 1.6756 497.0818 183.6377 527.4865 208.4706 1.4488 1.5416 3.4789 -6.1417 2.1538 45.3849 1.5411 -0.4135
Car -1 -1 2.1319 60.1094 193.3453 167.7006 238.9721 1.4668 1.5886 3.6310 -18.2620 2.2777 26.6949 1.5319 -0.4838
Car -1 -1 -0.4223 683.1146 152.2501 741.0622 174.0577 1.4703 1.5720 3.6444 7.0223 0.0815 49.9072 -0.2825 -0.8471
