Car -1 -1 1.8042 390.5489 179.6632 443.4492 212.7951 1.4833 1.6082 3.9965 -9.3671 1.8345 35.1496 1.5437 9.8083
Car -1 -1 -1.5737 588.7808 173.6098 614.6204 198.4641 1.5705 1.6375 3.9558 -0.5877 1.6230 47.7023 -1.5860 5.5608
Car -1 -1 1.8719 462.8626 176.8992 499.7164 197.6291 1.5092 1.6309 4.1686 -9.8845 1.8332 55.5451 1.6958 3.9236
Car -1 -1 1.8408 360.4879 178.4550 438.4277 225.8815 1.4649 1.6034 3.7632 -7.1282 1.6711 24.6223 1.5590 3.8054
Car -1 -1 1.9484 237.1771 176.8602 374.9034 251.0811 1.5369 1.6426 3.9965 -7.0895 1.6437 17.1644 1.5567 2.7783
Car -1 -1 -1.1970 734.4208 156.4458 790.6897 188.5882 1.6898 1.6660 4.1363 8.4963 0.8275 40.1152 -0.9883 0.4742
Car -1 -1 1.9027 320.5172 153.1101 351.3132 169.7155 1.5236 1.5893 3.8257 -26.1380 -0.3076 68.8685 1.5400 0.1217
Car -1 -1 1.8062 399.9543 172.2570 462.6017 214.0029 1.6103 1.6440 3.8990 -7.3351 1.5877 29.7850 1.5648 -0.2003
Car -1 -1 -0.8373 1134.2520 170.4508 1241.0000 331.6245 1.4734 1.5972 3.8159 7.8265 1.4518 7.4428 -0.0267 -0.4681
Car -1 -1 2.1804 0.0000 183.3942 235.6779 325.4747 1.4833 1.6273 4.0513 -7.0215 1.6574 9.8643 1.5618 -0.6980
