Car -1 -1 1.7425 412.8390 185.4505 496.3613 247.4681 1.4859 1.6077 4.0210 -4.2704 1.8737 20.1523 1.5336 13.5325
Car -1 -1 -1.8285 690.4583 181.1519 808.3159 270.5814 1.5668 1.5513 3.1634 2.6424 1.7537 14.5801 -1.6492 12.5363
Car -1 -1 -1.9823 772.5264 187.9975 1050.0696 372.0927 1.5283 1.5400 3.2950 2.9588 1.7311 7.9526 -1.6261 12.3885
Car -1 -1 -1.7629 651.0869 180.0131 738.0260 247.2263 1.5786 1.5912 3.7649 2.1049 1.7897 19.2995 -1.6542 10.8559
Car -1 -1 -1.6975 634.4771 182.6757 697.5659 230.0063 1.4502 1.6420 4.3138 1.8213 1.8237 25.2154 -1.6254 10.0012
Car -1 -1 2.2232 0.0000 204.5305 280.7874 374.0000 1.5025 1.5942 3.8297 -3.4337 1.7627 3.9568 1.5085 8.5590
Car -1 -1 -2.3618 934.6095 208.0026 1241.0000 374.0000 1.4853 1.5087 3.8684 2.9195 1.7246 2.9589 -1.5831 8.4041
Car -1 -1 1.7310 451.0098 185.1574 511.5854 230.9135 1.4587 1.5582 3.7738 -4.5882 1.9335 25.9197 1.5558 6.6978
Car -1 -1 1.6732 485.2611 182.6846 524.7077 215.9452 1.5173 1.5715 3.7385 -5.2169 2.0333 35.9376 1.5290 6.3190
Car -1 -1 -3.3364 757.5975 164.4472 830.3246 188.9866 1.4775 1.6309 4.0927 11.2326 0.9717 44.3649 -3.0884 0.2736
