Car -1 -1 1.8238 405.4701 188.9462 473.6305 235.3573 1.5134 1.5772 3.6887 -6.2600 2.1503 26.6774 1.5933 12.6406
Car -1 -1 -1.0131 117.6143 201.3406 196.9002 237.5096 1.4465 1.5442 3.3598 -20.7701 2.8234 33.1828 -1.5724 9.1297
Car -1 -1 1.7701 444.5885 186.5488 497.7289 224.4554 1.5182 1.5936 3.8901 -6.1768 2.1679 32.2591 1.5810 8.9346
Car -1 -1 -0.9918 71.6563 204.3998 152.5362 239.5399 1.4282 1.5353 3.4067 -23.4995 2.9963 34.1348 -1.5948 7.8613
Car -1 -1 -1.6862 656.5257 175.0544 706.3014 215.7071 1.5838 1.6358 3.7808 2.8853 1.6821 30.2204 -1.5910 7.8413
Car -1 -1 -0.9132 18.5400 203.6056 107.2065 239.3677 1.4564 1.5477 3.4597 -25.7986 2.9846 34.1079 -1.5608 7.5416
Car -1 -1 1.7069 479.9010 181.4546 518.6215 212.4716 1.5982 1.6168 3.9384 -6.1609 2.1021 40.2565 1.5551 3.0115
Car -1 -1 -1.0706 176.3678 199.5688 251.7033 235.3339 1.4378 1.5658 3.5039 -18.2651 2.7389 33.3752 -1.5714 2.8994
Car -1 -1 0.9549 1014.1615 144.9803 1099.1508 175.6372 1.5921 1.7058 4.4646 24.4459 0.1449 39.7518 1.5063 2.3640
Car -1 -1 1.2490 830.1518 160.1857 870.5379 180.4428 1.4921 1.6857 4.1966 18.3177 0.5593 55.2433 1.5691 1.4844
Car -1 -1 -1.6836 701.6947 168.9528 737.2847 196.0303 1.5288 1.6342 4.0211 6.4072 1.3089 42.7746 -1.5349 0.0539
Car -1 -1 -0.4313 879.2142 154.8365 933.7727 171.5160 1.5227 1.6593 4.3893 27.4593 -0.1255 66.9354 -0.0420 -0.1902
Car -1 -1 1.3462 791.3562 172.7730 878.0600 226.6277 1.4717 1.6178 4.0122 6.6114 1.4699 21.7730 1.6410 -0.3907
Car -1 -1 -1.6462 644.1542 179.2529 670.4385 201.0512 1.4701 1.5841 3.9272 3.3310 1.9472 51.7882 -1.5820 -0.4765
Car -1 -1 1.4168 698.5074 158.8446 726.4948 178.6927 1.5347 1.6171 4.0148 8.1491 0.4518 57.8065 1.5569 -0.7104
