Car -1 -1 2.0010 169.8619 202.8057 356.1939 307.3058 1.4346 1.5648 3.6574 -5.9659 2.0421 12.7876 1.5645 13.5688
Car -1 -1 1.8788 316.0897 193.4735 427.9161 261.1354 1.4506 1.6026 3.9849 -6.0562 2.0419 18.6800 1.5653 13.1831
Car -1 -1 -3.6851 940.2122 143.6637 1197.6579 222.8144 1.5181 1.6464 4.1802 9.1408 0.9586 14.6871 -3.1284 13.1597
Car -1 -1 2.2183 0.0000 214.9575 229.3322 374.0000 1.4521 1.5495 3.6612 -5.9866 2.0228 7.9396 1.5722 11.3945
Car -1 -1 1.8326 408.8510 190.3209 483.1183 235.5050 1.4102 1.6216 4.0865 -5.8954 2.0949 26.1941 1.6113 11.3474
Car -1 -1 -1.7679 683.5611 174.9764 770.6227 233.6946 1.4956 1.6468 4.1369 3.1787 1.5629 20.6307 -1.6151 10.7213
Car -1 -1 -1.6887 669.7720 174.3514 728.6737 223.8109 1.6452 1.6428 3.9313 3.1016 1.7038 26.0838 -1.5703 9.5236
Car -1 -1 -3.4978 803.1753 157.7276 958.4953 208.4627 1.5131 1.6132 4.2004 8.2496 1.0624 22.3281 -3.1439 7.5222
Car -1 -1 1.7789 486.8873 182.2201 530.2147 211.5103 1.5421 1.6457 4.1433 -5.8049 2.1083 41.4673 1.6398 7.3420
Car -1 -1 -3.6536 912.1189 140.0777 1115.2152 213.9897 1.6804 1.6294 3.9447 9.4818 0.9356 17.2341 -3.1506 6.4400
Car -1 -1 2.6635 856.6550 148.1983 1033.3416 208.6412 1.5642 1.6290 4.0572 8.9581 0.9265 19.5830 3.0925 5.1105
Car -1 -1 -1.6456 640.2995 176.7683 666.9532 200.5220 1.5702 1.5725 3.6779 2.9698 1.8528 50.1557 -1.5864 3.4275
Car -1 -1 2.0605 662.8834 162.2950 701.0518 180.1195 1.4647 1.5883 3.8877 6.1278 0.5974 61.3465 2.1601 1.9464
Car -1 -1 1.7075 525.1698 182.8841 551.6700 203.1559 1.4802 1.5621 3.8213 -5.6002 2.2936 56.5412 1.6088 1.2529
Car -1 -1 1.5318 434.7537 169.2955 460.1620 191.1841 1.4863 1.5990 3.8508 -11.5605 1.2450 51.0588 1.3091 -0.0361
