Car -1 -1 1.6812 484.4802 180.4931 537.2104 220.8956 1.5019 1.6866 4.3914 -4.0662 1.8420 29.8729 1.5460 11.7304
Car -1 -1 1.9839 181.0403 185.1429 356.6019 285.8767 1.6483 1.6444 4.0191 -6.5779 1.9271 14.3209 1.5533 11.3828
Car -1 -1 2.1891 0.0000 188.1964 214.9496 374.0000 1.6978 1.6730 3.9057 -6.2603 1.9103 7.9837 1.5241 10.3300
Car -1 -1 1.8317 373.4305 186.8970 450.1041 233.7825 1.4285 1.6165 3.9002 -6.8389 1.9556 25.1059 1.5657 8.0623
Car -1 -1 -1.6360 628.7198 174.9647 658.2488 200.3056 1.5635 1.6539 3.9236 2.1019 1.7066 46.8219 -1.5912 7.0032
Car -1 -1 2.9202 697.2845 161.6633 775.4816 193.4350 1.8489 1.7219 4.3104 7.4495 1.1980 42.9524 3.0919 6.4626
Car -1 -1 -3.3178 708.3561 164.3152 789.5708 195.2869 1.6754 1.6870 4.1760 7.6000 1.2138 39.8969 -3.1296 5.7464
Car -1 -1 1.7783 462.1201 182.5937 506.3141 212.5435 1.5242 1.6394 3.9351 -6.9516 2.0917 40.0115 1.6062 4.1162
Car -1 -1 -0.6671 1119.6885 135.9828 1240.8462 167.8629 1.4746 1.6804 4.4608 27.1414 -0.2440 34.4766 -0.0002 3.8560
Car -1 -1 1.6476 520.6622 179.0814 553.4765 207.2684 1.5114 1.5828 3.9732 -4.1917 1.8879 41.5775 1.5471 3.8058
Car -1 -1 -0.6657 1161.0458 146.6333 1241.0000 197.1611 1.4555 1.5774 3.7801 19.0321 0.7005 21.6726 0.0549 2.5538
Car -1 -1 -0.9120 0.0000 127.1332 98.8616 206.9372 1.8136 1.7360 4.1847 -15.4611 0.7749 18.5175 -1.6077 1.3615
