Car -1 -1 -1.9626 763.0730 173.0326 1047.0508 342.3679 1.5696 1.6423 4.0030 3.1299 1.5726 8.7277 -1.6183 13.0319
Car -1 -1 2.2198 0.0000 187.2551 291.5753 374.0000 1.6258 1.6543 3.9189 -4.3328 1.7817 5.8233 1.5801 9.1377
Car -1 -1 -2.3912 949.9198 176.7464 1241.0000 374.0000 1.4790 1.6109 4.1811 2.9559 1.5050 2.6581 -1.5528 7.2916
Car -1 -1 -1.7123 578.3616 176.6562 604.9083 197.4613 1.5692 1.6032 3.5771 -1.5061 1.8799 57.0078 -1.7387 6.8881
Car -1 -1 -1.7084 665.6184 166.7739 736.2302 225.0954 1.7625 1.7299 4.2656 2.8697 1.5791 23.9505 -1.5892 6.8354
Car -1 -1 -1.5702 488.0911 180.4105 518.2814 209.8201 1.5387 1.6090 3.6979 -6.0589 1.9857 40.6960 -1.7180 6.5906
Car -1 -1 -1.7489 629.9084 174.3839 670.6465 205.4745 1.5582 1.5620 3.4069 2.0467 1.6432 38.1231 -1.6952 6.5372
Car -1 -1 1.4341 655.4385 175.4175 710.7606 216.8649 1.5296 1.6522 4.0604 2.8136 1.6401 28.9410 1.5310 2.6323
Car -1 -1 -1.9930 718.9844 191.6929 1241.0000 374.0000 1.4745 1.6054 4.0256 1.3648 1.5986 2.6878 -1.5231 2.2490
Car -1 -1 1.5523 562.1127 175.4248 580.5743 194.4067 1.6931 1.6325 3.9409 -3.6291 1.9391 66.9263 1.4981 1.6781
Car -1 -1 -1.8585 604.2089 174.3098 646.4379 200.2845 1.5402 1.6086 3.8322 0.8771 1.6356 45.0727 -1.8390 0.7948
