Car -1 -1 -1.9813 780.6388 186.4462 1192.9485 374.0000 1.4904 1.6188 3.9241 2.7584 1.6495 6.4569 -1.5776 13.9091
Car -1 -1 -1.6598 655.2857 174.2654 701.1424 211.3867 1.4132 1.5451 3.4041 2.6742 1.4742 29.2999 -1.5687 12.6972
Car -1 -1 -1.7865 687.7276 170.9550 798.8652 256.3549 1.6500 1.6246 3.5600 2.7262 1.6137 15.7525 -1.6152 11.7062
Car -1 -1 0.4832 169.4576 175.7022 416.9208 259.7011 1.5420 1.6515 4.2037 -6.2102 1.6026 14.2863 0.0732 10.4734
Car -1 -1 0.2615 365.1352 174.4678 487.4060 218.6771 1.4596 1.5193 3.7867 -6.2627 1.5169 24.6609 0.0128 9.6064
Car -1 -1 0.2467 390.8478 174.2351 510.7857 214.3055 1.4443 1.5675 4.1106 -5.9206 1.4978 26.9089 0.0302 9.2155
Car -1 -1 0.3866 239.6878 172.8927 437.3048 244.6595 1.5984 1.6107 4.0325 -6.3200 1.5997 16.9328 0.0293 8.6605
Car -1 -1 1.8004 394.7939 154.2200 428.4374 173.6453 1.4868 1.6781 4.1506 -15.7389 0.0609 57.3291 1.5324 3.9043
Car -1 -1 -0.1167 697.8875 166.1276 788.9901 197.8354 1.4736 1.5977 4.1164 6.2758 1.1614 34.4586 0.0634 2.5530
Car -1 -1 1.1036 1139.0682 184.0185 1197.5675 206.6349 1.4728 1.5960 4.1278 39.5902 2.3009 51.3122 1.7607 2.3384
Car -1 -1 0.0248 518.9360 166.1536 565.3952 184.8381 1.4698 1.5604 3.6481 -5.4229 0.9431 57.6623 -0.0690 1.5994
Car -1 -1 1.5642 628.3633 168.6013 647.6797 186.2978 1.4950 1.6313 3.9430 2.4078 1.1361 62.9501 1.6025 1.2232
Car -1 -1 1.6478 522.7491 173.1177 550.6074 195.4464 1.4784 1.6129 4.0083 -5.0555 1.4977 49.8423 1.5467 0.1238
Car -1 -1 1.4853 661.9460 156.3788 681.6720 171.8920 1.4789 1.6016 3.9017 6.0372 -0.0969 70.9779 1.5702 -0.5949
