Car -1 -1 -1.2609 310.8627 187.8695 446.7783 269.7078 1.4275 1.5582 3.6188 -4.4875 1.4887 14.4692 -1.5616 13.7788
Car -1 -1 -1.0013 0.0000 191.9532 235.6714 290.0275 1.4024 1.5976 4.1783 -8.4555 1.5420 12.6685 -1.5899 13.0159
Car -1 -1 -1.3638 397.5026 179.9932 474.9113 232.9499 1.5084 1.5889 3.8253 -5.2856 1.3608 22.4032 -1.5955 12.0691
Car -1 -1 -0.8655 0.0000 202.3649 233.3653 375.0000 1.4308 1.5837 4.1063 -4.5981 1.6056 5.2052 -1.5890 11.9282
Car -1 -1 -1.4521 468.0630 160.8103 526.2491 217.3978 2.2059 1.8719 4.8444 -4.6253 1.2556 30.4691 -1.6027 8.9867
Car -1 -1 -1.2050 266.5245 182.9009 365.4829 233.6725 1.4449 1.6010 3.7734 -8.9855 1.3801 22.3533 -1.5872 8.0269
Car -1 -1 -1.5612 575.2780 176.9317 612.6096 212.1647 1.5792 1.6734 3.8795 -0.6733 1.2090 34.1641 -1.5809 7.6693
Car -1 -1 1.5005 645.4418 172.1431 666.6195 189.6183 1.4814 1.5734 3.8982 4.1839 0.3743 62.8846 1.5670 3.5862
Car -1 -1 2.0101 271.2391 178.9828 304.0208 194.3414 1.4461 1.5204 3.5737 -30.9085 0.8603 69.4808 1.5916 2.2471
Car -1 -1 -1.5187 515.3641 178.5427 541.4780 200.6172 1.4603 1.5932 3.8072 -5.4490 1.0200 49.4984 -1.6283 1.8232
Car -1 -1 -0.8937 0.0000 185.7841 102.7669 273.3201 1.4810 1.5924 3.7416 -12.0098 1.4948 14.0765 -1.6000 0.3655
Car -1 -1 -1.6522 641.1525 170.9538 665.3087 192.9704 1.7054 1.6302 3.6817 3.5944 0.6018 57.5352 -1.5898 -0.1670
Car -1 -1 -1.3111 383.0059 168.5193 441.4191 203.1259 1.4630 1.5996 3.8429 -8.7464 0.7583 32.3101 -1.5755 -0.3581
