Car -1 -1 -1.7263 685.0442 179.9889 768.9932 247.5449 1.5324 1.5735 3.4950 2.8480 1.7329 18.4836 -1.5734 12.4135
Car -1 -1 -0.1785 745.7407 173.4081 871.3930 224.5973 1.6003 1.5549 3.7250 6.3431 1.6194 23.5067 0.0851 11.7272
Car -1 -1 0.3686 316.0351 175.7182 484.4084 233.0328 1.5736 1.6456 4.3907 -6.0562 1.6610 20.9185 0.0868 11.1686
Car -1 -1 0.4296 182.1998 183.4243 407.7524 265.2644 1.4621 1.4824 3.6942 -5.9987 1.6772 13.8703 0.0214 10.3985
Car -1 -1 0.3830 249.2152 178.4766 448.1340 250.7829 1.5150 1.5796 3.8678 -5.7878 1.6476 16.1121 0.0382 10.3057
Car -1 -1 -2.1683 839.6156 176.9965 1241.0000 374.0000 1.5956 1.5764 3.5256 2.8202 1.6326 4.5825 -1.6166 10.2698
Car -1 -1 3.6819 0.0000 184.7635 305.6533 291.8761 1.5056 1.6081 3.7978 -7.0019 1.7043 11.1680 3.1219 9.9543
Car -1 -1 3.7961 0.0000 150.3515 234.6064 326.8777 1.8530 1.6973 3.7568 -6.7789 1.6172 8.4595 3.1205 8.8451
Car -1 -1 0.7564 0.0000 188.1762 185.8405 374.0000 1.5511 1.6383 4.2884 -6.2329 1.6987 6.0082 -0.0474 8.0977
Car -1 -1 -1.6345 635.4951 177.4499 661.3135 198.7626 1.4638 1.6203 3.8669 2.7234 1.8099 52.3347 -1.5825 6.3599
Car -1 -1 3.3789 364.7256 179.4078 495.1617 223.3038 1.5039 1.6059 4.2640 -6.4034 1.7458 25.7766 3.1354 5.0997
Car -1 -1 0.4689 279.3602 175.4759 449.7893 238.4933 1.5296 1.5641 3.8832 -6.3324 1.6015 18.6456 0.1415 4.7967
Car -1 -1 0.1770 494.5230 174.9308 557.7246 198.9506 1.6093 1.6493 4.0770 -5.7479 1.7547 49.4513 0.0612 3.7545
Car -1 -1 0.1224 488.6515 176.5421 547.9827 199.6837 1.4625 1.5688 3.6414 -5.9255 1.7053 46.6396 -0.0040 2.4199
Car -1 -1 -2.8557 340.1839 175.5774 464.6575 223.5032 1.4934 1.5836 3.5749 -6.7041 1.5850 23.3758 -3.1350 2.0196
