Car -1 -1 -1.1438 17.5003 188.7134 418.7939 374.0000 1.4506 1.5434 3.5817 -2.9226 1.6268 6.1978 -1.5845 15.2228
Car -1 -1 1.7054 492.4427 168.8882 554.5480 220.1957 1.7016 1.6851 4.0756 -3.0717 1.5704 25.9782 1.5877 11.2344
Car -1 -1 -2.7909 255.8736 172.2006 434.2464 229.7456 1.5028 1.6541 4.2569 -7.1696 1.4861 19.6701 -3.1404 10.5471
Car -1 -1 -1.7125 689.4143 178.0780 795.1101 271.3119 1.5678 1.5459 3.0632 2.3755 1.6798 13.8572 -1.5427 8.3052
Car -1 -1 -1.6291 674.8375 181.4227 744.2070 247.3351 1.4768 1.5274 3.5385 2.4099 1.7179 18.4556 -1.4992 7.8617
Car -1 -1 1.5166 633.7882 173.0069 660.9194 195.9111 1.5518 1.6780 4.3257 2.5751 1.5634 51.0768 1.5670 5.2755
Car -1 -1 1.5943 575.3426 168.4569 593.0635 184.7318 1.5223 1.6147 3.9700 -2.4771 1.1113 69.4805 1.5586 2.9861
Car -1 -1 -1.4690 530.4026 175.2395 573.1581 209.2554 1.4881 1.6078 3.9224 -2.7106 1.6068 33.8185 -1.5490 2.6978
Car -1 -1 0.1224 517.2623 159.3334 563.1638 174.9272 1.4763 1.6097 4.2157 -6.6838 0.1966 69.1671 0.0261 1.0980
Car -1 -1 1.7287 464.8219 152.0948 497.9266 174.9522 1.6280 1.7242 4.6031 -9.5481 0.1498 53.7044 1.5528 0.0285
Car -1 -1 -1.5758 636.8688 165.9027 654.1110 182.5538 1.5416 1.5952 3.8178 3.3515 0.8984 68.7406 -1.5270 -0.6086
