Car -1 -1 -1.3103 199.1066 188.1594 462.1113 374.0000 1.5307 1.6128 3.9356 -2.7464 1.7416 7.8996 -1.6449 13.5983
Car -1 -1 1.6983 468.6664 182.3698 539.1512 236.8307 1.4320 1.5996 3.9211 -3.1315 1.7438 21.6330 1.5545 12.2552
Car -1 -1 -1.8737 730.6243 154.0629 999.8364 368.8719 1.8284 1.6512 3.6875 2.4292 1.6688 7.9890 -1.5786 11.8886
Car -1 -1 -1.7756 703.0668 179.3219 842.9251 283.2863 1.5535 1.6207 3.9772 2.6963 1.6884 13.0155 -1.5713 11.2380
Car -1 -1 -1.7651 660.9683 181.5301 754.0377 246.4475 1.4153 1.5846 3.8414 2.2944 1.6585 18.2252 -1.6398 10.9105
Car -1 -1 -1.2977 418.7576 184.9478 528.8305 253.8589 1.4326 1.6204 4.0674 -3.2671 1.7670 17.8332 -1.4789 7.4631
Car -1 -1 -1.5963 629.0500 175.4877 654.6942 198.6536 1.4838 1.6204 3.8279 2.0815 1.6685 48.5773 -1.5535 5.2771
Car -1 -1 1.6966 536.9138 176.4337 572.3956 202.6612 1.4796 1.6420 3.9283 -3.3040 1.7045 43.2516 1.6204 4.1140
Car -1 -1 1.7103 490.4112 152.1582 515.6472 169.7933 1.4852 1.6374 4.1718 -9.4111 -0.2782 63.5821 1.5633 1.4296
Car -1 -1 -1.4249 528.4288 174.8922 550.9458 190.9255 1.4870 1.5884 4.0508 -6.7596 1.6895 69.5027 -1.5218 0.6595
