Car -1 -1 -1.9733 777.4304 174.3882 1120.7271 374.0000 1.6363 1.6536 3.8160 2.9628 1.6564 7.3768 -1.5914 13.2911
Car -1 -1 -2.2823 712.0006 177.3792 788.6671 213.1133 1.4964 1.5313 3.4136 6.2319 1.7125 32.5444 -2.0931 11.4087
Car -1 -1 0.4084 182.1600 180.0122 432.9700 265.6454 1.5607 1.6493 4.2322 -5.8464 1.7100 14.1506 0.0166 11.0145
Car -1 -1 3.6424 53.8549 171.9100 339.1889 289.5905 1.7437 1.6258 3.6222 -6.4927 1.7300 11.5233 3.1293 8.5737
Car -1 -1 -1.7367 625.8882 177.8340 659.1015 202.7714 1.4723 1.5437 3.2744 1.9592 1.7951 45.0016 -1.6932 7.2477
Car -1 -1 3.4307 328.7138 179.5511 457.0090 225.8171 1.4550 1.5997 3.7398 -7.1147 1.6831 23.7259 3.1394 6.9641
Car -1 -1 3.3544 366.6201 179.9408 476.7576 223.0359 1.4724 1.5444 3.5618 -6.7070 1.7343 25.7745 3.0998 4.8674
Car -1 -1 3.4792 233.2422 181.0415 416.8922 249.4020 1.4715 1.5849 3.6066 -6.4929 1.6698 16.5892 3.1061 3.6871
Car -1 -1 3.3665 380.1201 163.4084 504.5942 215.6300 1.9842 1.8005 4.4701 -6.5445 1.6257 28.3177 3.1394 3.4619
Car -1 -1 0.5950 0.0000 174.2684 321.7497 317.0753 1.6268 1.6155 3.7942 -5.9011 1.6466 9.0760 0.0185 2.7317
Car -1 -1 3.2935 449.1967 180.3636 521.4404 207.5830 1.4741 1.6020 3.7855 -6.9701 1.9034 40.3724 3.1226 2.2400
Car -1 -1 -1.5434 615.3133 177.1447 637.3333 197.8430 1.4833 1.5597 3.8251 1.2341 1.8191 54.4612 -1.5207 0.1486
