Car -1 -1 1.7872 423.0639 180.8635 495.8220 232.4578 1.5489 1.6030 3.7970 -4.9917 1.8387 24.1598 1.5834 15.3241
Car -1 -1 -1.7288 667.3455 174.8040 742.0291 235.2244 1.5830 1.5955 3.3667 2.5867 1.6440 20.7209 -1.6046 13.0224
Car -1 -1 -1.1277 139.9846 182.5287 402.2574 336.2905 1.6821 1.6931 4.1195 -4.4930 1.8477 10.2367 -1.5413 11.9176
Car -1 -1 -2.0466 822.9965 189.8876 1241.0000 374.0000 1.5139 1.5697 3.4281 2.6637 1.6716 4.9341 -1.5516 11.6690
Car -1 -1 1.6930 494.1754 180.6105 532.2106 209.8921 1.5053 1.6435 3.7635 -5.3502 1.9558 39.9813 1.5600 5.9783
Car -1 -1 -1.5157 634.0478 175.5037 655.4846 194.0965 1.5059 1.6102 3.6413 2.9361 1.7367 60.8704 -1.4675 5.2496
Car -1 -1 1.7165 534.8416 180.3847 561.8084 199.8356 1.4879 1.6225 4.0541 -5.0193 2.1244 58.8699 1.6314 2.8882
Car -1 -1 -1.5888 621.0886 175.2880 639.1590 192.2238 1.4911 1.5780 4.0104 1.7994 1.7213 66.1147 -1.5616 0.3247
Car -1 -1 -0.2519 724.0846 175.8264 810.1553 204.7643 1.4872 1.6212 4.1732 8.2290 1.6484 38.1542 -0.0394 -0.4932
Car -1 -1 -1.6856 734.3043 163.7504 785.5972 204.8512 1.6282 1.6646 4.0618 6.2600 1.2679 30.6757 -1.4843 -0.6736
