Car -1 -1 -1.8820 743.6005 183.4647 966.7415 329.5250 1.5004 1.6135 3.8534 2.9236 1.6710 9.6308 -1.5873 14.8970
Car -1 -1 -1.7188 673.3282 176.6738 744.7886 230.3471 1.4601 1.5916 3.6151 2.8449 1.5850 21.7055 -1.5885 13.1902
Car -1 -1 0.3888 293.9178 172.7792 460.5883 231.9743 1.5860 1.6057 4.1644 -6.5199 1.5843 20.2912 0.0779 11.6386
Car -1 -1 -2.6425 93.5295 170.4058 381.0356 272.8418 1.6506 1.6550 4.1480 -6.3629 1.6115 12.5101 -3.1130 11.0636
Car -1 -1 -2.2189 876.6800 205.9132 1241.0000 374.0000 1.4195 1.5370 3.6272 2.9204 1.6898 4.0584 -1.5952 10.6859
Car -1 -1 0.8213 0.0000 174.1611 183.6287 374.0000 1.6144 1.6324 4.0901 -5.8791 1.6264 5.5814 0.0099 9.1949
Car -1 -1 0.5403 0.0000 168.2938 323.0368 303.9120 1.6803 1.6575 3.9384 -6.2561 1.6242 9.8186 -0.0270 8.8884
Car -1 -1 3.3903 359.1193 163.3461 492.9979 218.2588 1.8519 1.7410 4.2337 -6.3894 1.5316 25.2026 3.1420 7.4634
Car -1 -1 -1.6530 651.1688 172.0366 695.8823 211.3387 1.6722 1.6840 3.9619 2.7761 1.6378 32.6802 -1.5682 6.9212
Car -1 -1 3.2384 441.1532 174.1075 520.7803 209.0075 1.5347 1.5343 3.4203 -5.8370 1.5934 32.6922 3.0617 4.1213
Car -1 -1 3.8117 0.0000 150.7245 229.4027 336.0976 1.7783 1.6448 3.5888 -6.3861 1.5663 7.7728 3.1240 3.3033
Car -1 -1 -1.6608 637.0719 171.5378 667.5608 197.8504 1.6721 1.6678 3.8716 2.7333 1.5888 47.8121 -1.6037 2.9589
Car -1 -1 0.1107 517.4920 175.0081 565.2471 194.3555 1.5539 1.5964 3.7324 -5.6068 1.7328 58.9600 0.0159 0.9241
Car -1 -1 -1.9815 752.2036 153.0645 786.3160 170.4429 1.4753 1.5867 3.7200 14.0172 -0.2194 63.7768 -1.7651 -0.4787
