Car -1 -1 -2.0569 807.0454 198.7457 1231.8364 374.0000 1.4774 1.5410 3.4155 2.9032 1.7584 6.0812 -1.6115 14.0882
Car -1 -1 -1.8282 725.7226 180.0855 889.2752 299.6306 1.5901 1.6168 3.5814 2.9244 1.7249 11.6116 -1.5815 13.1815
Car -1 -1 -1.7097 667.9986 178.8197 732.6312 227.3601 1.4385 1.5953 3.6381 2.8363 1.6497 23.6650 -1.5904 13.0380
Car -1 -1 0.3526 323.2802 174.8918 478.3643 227.7066 1.5573 1.6237 4.3115 -6.4444 1.6234 22.3105 0.0714 10.6303
Car -1 -1 -2.7086 165.1960 173.3463 411.0392 261.6821 1.6647 1.6767 4.1923 -6.3761 1.6756 14.4812 -3.1234 9.4948
Car -1 -1 0.7163 0.0000 158.2806 280.8258 353.0074 1.7912 1.7087 4.2526 -6.0239 1.6575 7.5834 0.0450 9.4155
Car -1 -1 0.4573 75.6953 175.0617 369.4834 278.0803 1.5640 1.6070 3.9502 -6.2397 1.6032 11.8457 -0.0275 8.0168
Car -1 -1 -1.6366 648.1107 174.3550 687.5623 210.0346 1.6079 1.6263 3.8153 2.6819 1.6843 34.5925 -1.5592 7.4382
Car -1 -1 -2.8928 373.3109 172.0631 496.7556 219.5421 1.7326 1.7185 4.2325 -6.5713 1.7041 27.2123 -3.1297 5.6024
Car -1 -1 -1.2930 544.3108 177.1165 573.9968 194.9295 1.4599 1.5855 3.7359 -4.3623 1.8387 62.0749 -1.3632 2.0796
Car -1 -1 3.6830 0.0000 156.7911 294.2331 289.6230 1.6479 1.5887 3.5292 -6.4591 1.4490 9.8141 3.1009 0.7005
Car -1 -1 -1.6877 755.9341 160.4822 780.1130 178.2730 1.4724 1.5842 3.7721 13.4516 0.4488 61.6684 -1.4729 -0.7033
