Car -1 -1 2.0210 138.7242 190.8687 336.3616 299.3569 1.5884 1.6288 3.9322 -6.5937 1.9677 13.1949 1.5576 13.2961
Car -1 -1 1.7051 479.3010 184.2784 535.0205 227.6626 1.5120 1.6281 4.0665 -3.9914 1.9920 28.2548 1.5648 12.0145
Car -1 -1 1.8433 361.1837 191.5307 443.3946 241.4793 1.4206 1.6125 3.9672 -6.8396 2.0935 23.9929 1.5656 8.1166
Car -1 -1 -1.6127 629.4585 178.8113 658.5510 205.6816 1.6017 1.6741 3.9950 2.0910 1.9976 45.8958 -1.5672 8.0680
Car -1 -1 2.3108 0.0000 191.9719 164.0930 374.0000 1.7346 1.6912 4.0924 -6.3324 1.9689 6.7710 1.5588 7.7985
Car -1 -1 -1.1534 248.7717 174.2771 307.5340 202.7517 1.4501 1.5384 3.6010 -17.7784 1.5305 38.7345 -1.5837 5.2560
Car -1 -1 -3.3096 702.3026 165.2216 782.3631 198.6224 1.8914 1.7176 4.3264 7.5723 1.4595 41.7393 -3.1302 4.9670
Car -1 -1 1.6443 518.2965 181.9718 553.3873 212.4485 1.5473 1.6337 4.1931 -4.0969 2.0801 40.0159 1.5422 4.5997
Car -1 -1 2.4539 1131.9034 136.7929 1241.0000 169.3123 1.4564 1.6333 4.2296 26.7715 -0.1674 33.3338 3.1306 4.1750
Car -1 -1 2.9210 714.6491 169.1944 802.5999 199.7103 1.5985 1.6917 4.3513 7.8832 1.4072 38.6820 3.1220 3.6502
Car -1 -1 1.8897 458.4826 187.1074 510.5699 217.5735 1.4724 1.6131 3.9295 -6.7282 2.2812 38.8592 1.7183 3.4432
Car -1 -1 -1.9858 880.9640 154.9902 929.2299 178.0875 1.5090 1.6096 3.8688 19.9859 0.3423 49.0937 -1.5992 3.2626
Car -1 -1 0.9166 1127.1497 150.9870 1241.0000 209.1157 1.5865 1.6723 4.1782 17.8697 0.9901 21.8056 1.6031 3.0278
Car -1 -1 -0.1738 692.3014 171.9472 756.1736 196.7583 1.6165 1.6536 3.9571 7.5139 1.5578 47.8704 -0.0181 0.4109
