Car -1 -1 2.3162 163.2394 183.4296 261.1891 219.3744 1.4876 1.6018 4.1044 -18.2930 2.0085 33.3285 1.8142 6.5675
Car -1 -1 2.6228 350.6371 176.6418 422.7533 203.9286 1.5533 1.6096 3.8738 -13.4780 1.7927 43.5794 2.3228 5.4116
Car -1 -1 -3.5479 935.9516 168.3624 994.1356 187.8197 1.4417 1.5623 3.6063 26.6730 1.1092 54.3290 -3.0915 2.7495
Car -1 -1 2.7606 299.7569 178.5419 368.6079 201.9896 1.4893 1.6286 4.0293 -18.6281 1.8895 48.7457 2.3956 2.2130
Car -1 -1 2.1450 38.1376 188.6079 115.4503 217.3990 1.5439 1.6970 4.2325 -31.8602 2.5353 43.2224 1.5098 2.0234
Car -1 -1 -0.3508 887.5051 165.5155 953.7127 188.7557 1.5325 1.5951 3.7657 20.7972 1.0489 48.4748 0.0545 1.3617
Car -1 -1 -1.8051 809.2780 168.8200 836.1787 186.0287 1.5561 1.5954 3.6319 19.7297 1.1917 67.0982 -1.5192 1.1377
Car -1 -1 1.8704 370.1752 181.2598 433.0865 217.3765 1.4754 1.6237 3.9267 -9.3048 1.8760 32.3728 1.5905 0.1386
Car -1 -1 -2.4278 730.8854 169.5011 771.6527 186.1634 1.5292 1.5875 3.6204 13.2951 1.2218 68.1308 -2.2351 -0.6065
Car -1 -1 -1.8160 870.2700 170.6921 900.1534 188.0746 1.5008 1.6104 3.7904 24.4543 1.3145 64.2719 -1.4524 -0.7819
