Car -1 -1 -3.5233 833.8337 168.4604 979.6174 213.4463 1.4869 1.6644 4.3026 10.0238 1.3421 24.6872 -3.1376 8.6865
Car -1 -1 3.8248 0.0000 207.2546 63.5139 254.9074 1.4327 1.6068 3.9038 -20.6559 2.6093 23.8036 3.1101 7.2692
Car -1 -1 -2.6141 136.0141 180.5213 306.0630 246.1059 2.0652 1.8367 4.6835 -12.8592 2.3307 23.9505 -3.1069 6.3386
Car -1 -1 1.2135 272.0870 182.7414 341.0080 217.8712 1.4708 1.6249 4.0257 -14.1156 1.9561 33.3644 0.8133 5.7920
Car -1 -1 2.5275 978.5162 162.4418 1131.4087 207.5697 1.4843 1.6575 4.2857 15.1135 1.1422 24.6956 3.0766 5.2685
Car -1 -1 -1.6989 764.5112 171.1312 817.3326 209.4856 1.4364 1.5858 3.6510 7.1410 1.3722 28.9226 -1.4569 4.7452
Car -1 -1 -1.6155 645.1756 169.3831 673.8317 194.1053 1.4550 1.5823 3.7919 2.9740 1.2511 44.3757 -1.5486 3.3920
Car -1 -1 -1.5321 685.2408 168.4678 713.4424 193.4253 1.4459 1.5605 3.5321 5.4059 1.1922 43.6692 -1.4089 1.8317
Car -1 -1 -1.1188 289.3319 161.9327 342.4642 185.7748 1.4721 1.6145 3.9461 -18.9439 0.7981 46.5693 -1.5051 0.8635
Car -1 -1 1.9998 1096.8573 148.9065 1241.0000 226.9372 1.5994 1.6019 3.8001 12.9482 1.1089 16.3646 2.6692 -0.6511
Car -1 -1 1.7953 453.6563 144.5039 491.8591 169.2813 1.5616 1.6432 4.0512 -9.1307 -0.2481 48.1183 1.6078 -0.7836
