Car -1 -1 2.1761 0.0000 190.4088 276.1708 374.0000 1.5814 1.6259 3.8040 -4.5969 1.7807 6.2516 1.5420 11.5017
Car -1 -1 1.9700 197.5835 195.9832 408.4066 317.7872 1.4376 1.5896 3.8462 -4.5326 1.8585 11.1817 1.5848 11.4491
Car -1 -1 1.8428 341.0525 187.7731 467.5042 270.6719 1.4897 1.5994 4.0368 -4.3536 1.8568 15.7104 1.5724 11.1837
Car -1 -1 -1.7505 728.6859 163.3168 825.9812 244.4571 1.9826 1.8048 4.4514 4.4125 1.7499 19.8864 -1.5321 8.8135
Car -1 -1 1.7222 546.9339 178.9873 584.8103 205.6779 1.4676 1.6469 4.0567 -2.5961 1.8490 42.7286 1.6615 6.9793
Car -1 -1 -1.7502 701.4983 175.8743 752.0881 214.6266 1.6213 1.5914 3.6994 5.1314 1.7649 32.3427 -1.5929 4.4023
Car -1 -1 -0.2999 717.8785 183.0000 841.0607 226.9461 1.4605 1.5889 3.9159 5.8534 1.8305 25.3440 -0.0729 4.3130
Car -1 -1 1.3786 14.9238 148.1327 145.8561 226.9576 1.4738 1.5623 3.5897 -11.3222 1.0119 15.2752 0.7407 3.5765
Car -1 -1 -1.6391 701.8954 178.1509 738.7773 210.8770 1.5643 1.6068 3.8167 5.5848 1.8514 37.0910 -1.4896 2.6833
Car -1 -1 -1.4545 602.9393 178.8775 624.2463 195.0389 1.4761 1.6057 3.9546 0.3562 2.0738 69.4935 -1.4493 1.1035
Car -1 -1 1.7257 535.1671 172.4942 562.1498 190.9452 1.4895 1.6217 4.2118 -5.1201 1.4608 60.4022 1.6412 -0.5391
