Car -1 -1 1.9410 200.5573 181.9569 414.9660 313.6098 1.6357 1.6753 4.0787 -4.4795 1.8043 11.2903 1.5633 13.3789
Car -1 -1 1.8005 422.9541 181.9789 510.2620 242.7304 1.5397 1.6257 3.8748 -4.0739 1.8285 20.8403 1.6075 11.9347
Car -1 -1 1.8549 357.7563 187.1207 473.7186 265.0760 1.4883 1.5593 3.6205 -4.2880 1.8466 16.2724 1.5973 10.6972
Car -1 -1 2.2251 0.0000 190.1373 279.7723 374.0000 1.6091 1.6208 3.7153 -4.6083 1.8042 6.2556 1.5902 9.7664
Car -1 -1 -1.6885 715.2936 169.0735 785.9282 226.9264 1.8093 1.8137 4.8959 4.7183 1.6914 25.0665 -1.5024 8.8681
Car -1 -1 1.6431 564.2381 176.0571 592.8882 200.7377 1.5491 1.6162 3.9692 -2.0750 1.7706 47.8131 1.5997 5.1296
Car -1 -1 0.5238 75.4900 171.0656 217.0610 217.3703 1.5545 1.6330 3.8481 -16.1045 1.4948 25.1241 -0.0462 2.9475
Car -1 -1 -1.7460 700.2569 175.6278 744.3486 208.9470 1.6117 1.6040 3.7302 5.6806 1.7619 37.0964 -1.5940 2.6495
Car -1 -1 -1.7525 187.6450 163.1405 273.9846 218.1071 1.4224 1.5655 3.4248 -10.8718 1.1714 20.4973 -2.2402 1.5150
Car -1 -1 -1.2989 414.5946 158.7441 457.6764 184.2727 1.5474 1.6361 4.0279 -11.0037 0.6925 45.7759 -1.5348 1.3668
Car -1 -1 -0.7561 911.0916 140.3057 1004.8597 171.8850 1.4973 1.6207 4.2192 17.1746 -0.0495 35.7062 -0.3077 0.5928
Car -1 -1 -2.7085 192.0490 142.5513 272.0160 166.1980 1.4846 1.6513 4.2945 -24.4705 -0.4395 46.7500 -3.1907 0.5156
