Car -1 -1 -1.7713 687.0250 179.0512 810.7644 262.2409 1.4397 1.6417 4.2738 2.6486 1.5871 14.9623 -1.5961 12.2425
Car -1 -1 0.5481 25.4900 170.4549 332.0676 273.7733 1.5287 1.6033 3.9462 -6.7682 1.4936 11.5071 0.0164 11.7181
Car -1 -1 0.6667 0.0000 164.0273 255.2845 359.5951 1.6134 1.6513 4.2624 -5.9833 1.5410 6.8793 -0.0491 11.4245
Car -1 -1 0.3247 231.0794 169.7861 452.8841 240.0850 1.4943 1.6286 4.3807 -5.9369 1.4295 16.2065 -0.0264 9.7848
Car -1 -1 -0.1418 672.8835 171.6688 739.4831 195.8415 1.4383 1.5727 3.8154 5.7621 1.3681 43.7364 -0.0108 8.5636
Car -1 -1 -0.2093 773.8955 173.9773 915.9177 231.0030 1.4946 1.5292 3.4730 6.3326 1.5273 19.8771 0.0992 7.5356
Car -1 -1 3.7279 0.0000 175.0804 232.4419 300.4474 1.4591 1.4965 3.2634 -6.9282 1.4907 9.2631 3.0858 6.0896
Car -1 -1 3.2471 399.9013 170.1091 507.8313 209.5846 1.5150 1.6215 4.0494 -6.1790 1.4100 28.7094 3.0351 5.7379
Car -1 -1 0.3472 277.9352 141.2901 482.8174 230.2010 2.1982 1.8679 4.7553 -5.9363 1.4182 18.8701 0.0424 4.7743
Car -1 -1 3.3109 363.3645 169.4304 490.1033 212.2321 1.5072 1.6186 4.2795 -6.6588 1.3870 26.3779 3.0637 3.7083
Car -1 -1 -1.6226 631.6976 173.3935 653.9737 192.3231 1.4748 1.5878 4.0053 2.5998 1.5203 58.3363 -1.5781 0.7949
Car -1 -1 -1.7380 686.5601 149.4664 720.8199 173.0561 1.4934 1.5951 3.9974 6.1173 0.0132 47.7041 -1.6105 0.4570
Car -1 -1 -1.5369 540.0411 165.3954 562.5320 186.7311 1.5923 1.6065 3.8508 -4.5365 1.0360 55.8061 -1.6180 0.3134
Car -1 -1 -1.5231 805.4155 151.8824 829.7734 172.3698 1.5571 1.6583 4.2253 16.4653 -0.0396 57.2108 -1.2429 -0.2640
Car -1 -1 0.0789 499.1536 171.9397 554.4987 192.8511 1.4752 1.5931 3.8318 -5.9621 1.4110 51.7619 -0.0358 -0.3030
