Car -1 -1 2.0212 100.0709 187.9003 382.7187 342.8400 1.5274 1.6262 4.1216 -4.5460 1.7706 9.5781 1.5781 12.8402
Car -1 -1 -1.7414 729.4303 175.9461 811.6705 233.4368 1.4413 1.5806 3.9658 4.3592 1.5374 20.3169 -1.5300 10.1467
Car -1 -1 2.3055 0.0000 209.7045 214.9791 374.0000 1.4315 1.5572 3.7045 -4.6411 1.7875 5.1064 1.5678 9.0806
Car -1 -1 -1.8265 760.7774 152.8473 923.1443 270.7001 1.8807 1.7822 4.5642 4.1334 1.5618 13.8236 -1.5360 8.2782
Car -1 -1 -1.7764 709.3868 169.5739 776.1370 216.2634 1.5661 1.6239 3.7580 4.6734 1.4565 26.1014 -1.5992 7.8526
Car -1 -1 1.7888 522.4569 171.5622 570.0479 203.5354 1.5236 1.6002 3.8313 -3.1931 1.4624 36.3834 1.7012 5.6616
Car -1 -1 -1.6615 703.6910 170.5530 749.2512 208.0561 1.5126 1.5874 3.7464 4.9063 1.4202 31.0209 -1.5046 5.3239
Car -1 -1 -1.7056 693.7957 169.4922 735.5037 200.7299 1.5047 1.6026 3.6858 5.2181 1.3431 36.6020 -1.5640 4.8008
Car -1 -1 1.6803 590.3224 168.9865 612.9941 186.2914 1.4749 1.5902 3.7993 -0.7263 1.1457 63.4636 1.6689 4.1681
Car -1 -1 1.9535 509.2721 162.5050 551.7740 183.2691 1.4858 1.6743 4.2970 -5.9126 0.7456 53.9232 1.8443 3.4171
Car -1 -1 1.6515 570.6141 178.2331 601.2573 203.7140 1.4944 1.6027 4.0179 -1.4987 1.8472 45.2220 1.6183 0.6530
Car -1 -1 1.2109 884.4408 162.6705 928.6876 184.4675 1.4885 1.5758 4.0582 21.0041 0.7934 51.3222 1.5994 0.5680
Car -1 -1 -2.8862 457.1247 162.8054 523.4960 190.1002 1.7298 1.6824 3.9457 -7.7551 1.0933 46.7422 -3.0507 -0.7486
