Car -1 -1 2.0639 157.8473 190.0219 305.0859 268.4033 1.5283 1.5299 3.4539 -8.5676 1.9643 16.5669 1.5866 12.4499
Car -1 -1 2.1188 112.6149 193.3299 258.1532 257.0719 1.5071 1.6233 4.1550 -11.9039 2.1487 20.4977 1.5927 7.7518
Car -1 -1 1.7940 436.0344 181.8150 479.7952 211.3639 1.5611 1.6173 3.9535 -8.6837 2.0993 41.3137 1.5868 7.6469
Car -1 -1 -1.5897 597.4229 176.6510 624.3830 202.9333 1.5666 1.6200 3.8093 -0.0104 1.8164 45.4803 -1.5899 2.4105
Car -1 -1 0.9050 730.0366 172.4998 794.0609 199.9927 1.5282 1.6011 3.8840 8.7979 1.5089 42.2005 1.1105 1.8664
Car -1 -1 -0.7196 791.7987 168.5050 879.2875 201.2093 1.5271 1.6110 4.0132 10.9826 1.3244 35.2395 -0.4175 1.5751
Car -1 -1 2.3273 0.0000 197.5525 157.6513 374.0000 1.4757 1.6115 3.8946 -6.7291 1.7956 7.3737 1.5876 0.5977
Car -1 -1 1.8054 379.5295 180.2548 456.9686 230.8272 1.5490 1.6507 4.1268 -6.5213 1.8250 24.7882 1.5482 0.4367
Car -1 -1 1.7972 422.8080 174.1355 480.3029 215.1488 1.6104 1.5926 3.5665 -6.6102 1.6677 30.2329 1.5819 -0.3279
Car -1 -1 1.7223 620.4015 186.5702 650.6933 209.4476 1.4953 1.5870 4.0225 1.8454 2.5213 51.8282 1.7579 -0.6406
