Car -1 -1 -1.0870 0.0000 172.3446 412.6069 374.0000 1.6142 1.5730 3.7296 -2.6870 1.6124 4.9551 -1.5839 11.3259
Car -1 -1 1.7700 429.4132 181.8845 468.8845 208.4409 1.4992 1.6139 3.8889 -9.7942 2.0751 44.0240 1.5511 7.6435
Car -1 -1 -1.5350 594.1900 172.7765 622.0736 199.8088 1.6768 1.6701 3.8662 -0.1155 1.6723 46.7131 -1.5375 3.8326
Car -1 -1 1.8080 398.4642 174.5438 459.5122 215.2011 1.5058 1.5687 3.5048 -7.1497 1.5773 28.6246 1.5632 2.8045
Car -1 -1 2.0880 218.3113 187.1806 331.5434 241.8515 1.4374 1.5513 3.5212 -10.0122 1.9056 21.7422 1.6565 2.3673
Car -1 -1 -1.2953 964.3762 146.9771 1005.1591 168.8799 1.5352 1.5923 4.2197 27.7435 -0.3053 53.4102 -0.8162 1.8911
Car -1 -1 -1.6181 1210.3235 184.6575 1241.0000 374.0000 1.5050 1.6289 4.1560 5.3544 1.6203 4.9679 -0.7953 1.8898
Car -1 -1 2.0667 193.5399 192.2609 252.9598 218.6210 1.4608 1.6076 3.8562 -23.9457 2.7170 44.7586 1.5755 1.8773
Car -1 -1 1.7570 430.5783 176.7930 483.7105 211.0000 1.4801 1.6688 4.3242 -7.1411 1.6775 33.8999 1.5494 1.5545
Car -1 -1 1.9214 311.4304 173.8494 411.0802 228.8648 1.4632 1.5768 3.6954 -7.2021 1.4952 21.1188 1.5927 1.5022
Car -1 -1 1.7360 453.7432 176.1117 497.0528 206.3449 1.5168 1.6386 4.0515 -7.1909 1.7011 38.6784 1.5522 -0.6330
