Car -1 -1 2.0084 154.9524 203.6341 349.2414 312.0479 1.4432 1.5776 3.6651 -6.0003 2.0549 12.4882 1.5605 14.6333
Car -1 -1 1.8291 378.7035 189.0061 460.2384 242.3723 1.4891 1.5873 3.9293 -6.0850 2.0549 23.2884 1.5735 11.2451
Car -1 -1 1.8120 438.5110 187.0108 499.4877 225.6757 1.4565 1.6250 4.0681 -5.9697 2.1012 30.7664 1.6203 10.6185
Car -1 -1 -3.5544 863.1434 148.6064 1049.6157 209.4122 1.5461 1.6524 4.1678 9.0695 0.9299 19.2279 -3.1137 9.9353
Car -1 -1 1.8934 295.0165 193.5110 413.1926 265.5928 1.4339 1.5514 3.7442 -6.0354 1.9838 17.3107 1.5579 9.6340
Car -1 -1 2.2576 0.0000 216.1301 207.8918 374.0000 1.4548 1.5616 3.7693 -5.8720 1.9973 7.1523 1.5702 8.8249
Car -1 -1 -1.7431 669.7195 174.2670 736.0402 223.0479 1.5557 1.6186 3.9414 3.1024 1.6092 25.1321 -1.6203 8.3187
Car -1 -1 -1.6730 659.2087 174.2795 708.1938 216.6402 1.6831 1.6661 3.9914 3.0376 1.7483 30.7995 -1.5747 7.9141
Car -1 -1 -0.7595 1169.9065 138.9000 1241.0000 180.1894 1.4810 1.6586 4.1060 23.4122 0.2635 26.7920 -0.0413 7.0314
Car -1 -1 1.7329 470.5362 185.2315 514.1703 217.8281 1.5116 1.6052 3.7983 -5.9807 2.1759 36.8004 1.5718 5.9261
Car -1 -1 2.7458 855.1186 144.7471 1022.7159 205.1252 1.7402 1.6535 4.2747 9.7333 0.9305 21.6761 3.1678 4.6578
Car -1 -1 2.5831 810.5134 153.5444 943.0287 205.1080 1.6520 1.6639 3.9045 8.9134 1.0337 24.3295 2.9343 3.3730
Car -1 -1 1.8718 493.6032 182.9147 538.5697 208.7649 1.4977 1.6518 4.2161 -5.9262 2.1669 45.7464 1.7429 2.8000
Car -1 -1 1.5592 629.5767 156.9701 645.7786 172.4495 1.4757 1.5405 3.7468 2.6772 -0.0404 70.7777 1.5970 1.1203
Car -1 -1 1.5898 401.4000 173.1917 432.4539 201.7378 1.5189 1.6068 3.9353 -10.8425 1.5392 40.5425 1.3284 0.8344
Car -1 -1 1.4194 649.7905 179.5209 689.3188 208.0892 1.4836 1.6216 3.9449 3.2506 1.8764 40.4392 1.4996 -0.3430
Car -1 -1 1.9126 484.2042 172.8899 513.8507 188.8919 1.4714 1.5642 3.8960 -10.5041 1.4753 68.4128 1.7603 -0.7978
