Car -1 -1 -1.7529 672.6046 174.2420 800.5666 269.5150 1.5339 1.6332 4.0067 2.1759 1.5645 13.6955 -1.5954 13.5923
Car -1 -1 -1.0111 0.0000 191.2023 316.6142 374.0000 1.4998 1.5792 4.0246 -3.4861 1.6743 4.7816 -1.6411 12.6671
Car -1 -1 -2.6416 139.4770 187.5448 303.2864 251.2314 1.4151 1.5079 3.0837 -9.2024 1.7802 17.1478 -3.1341 11.6313
Car -1 -1 -1.7677 634.5585 174.3784 700.7135 222.1582 1.5898 1.6377 3.9244 1.9632 1.6498 26.1834 -1.6929 11.4184
Car -1 -1 -1.5382 494.6270 176.8407 541.6575 222.1410 1.5577 1.6302 3.7042 -3.4269 1.7183 27.0667 -1.6641 9.9443
Car -1 -1 -1.6144 621.1902 170.9909 653.1567 203.9976 1.8694 1.7177 3.9225 1.5361 1.7642 42.8309 -1.5785 4.0697
Car -1 -1 -1.5434 523.1873 177.6958 553.7859 207.1561 1.5676 1.6280 3.8910 -4.0607 1.8568 41.0450 -1.6420 1.9586
Car -1 -1 -1.6221 631.9565 176.5439 673.8729 215.0536 1.5844 1.6436 3.9623 1.8084 1.7588 32.0494 -1.5657 1.0075
Car -1 -1 0.6724 0.0000 176.0420 143.7225 242.0361 1.4988 1.6484 4.1246 -13.8213 1.5793 17.2925 -0.0019 0.8106
Car -1 -1 0.9768 366.6768 166.6567 414.5936 187.0171 1.4794 1.5818 3.8115 -16.5371 1.0295 54.2394 0.6809 -0.3219
