Car -1 -1 -1.7126 683.0907 183.3208 758.8302 241.3559 1.3768 1.5294 3.3773 2.8496 1.6834 19.4165 -1.5669 14.3232
Car -1 -1 -0.1867 737.2982 174.4977 862.9346 224.5906 1.6350 1.6318 3.8940 6.3432 1.6935 24.5528 0.0661 11.9935
Car -1 -1 -2.0561 808.8474 179.8439 1241.0000 374.0000 1.6153 1.5959 3.5435 2.8006 1.6871 5.5804 -1.5910 11.6317
Car -1 -1 0.3240 266.9666 179.2402 464.7320 249.4774 1.5651 1.6184 4.1228 -5.7037 1.7235 17.0343 0.0009 11.2232
Car -1 -1 0.4202 196.7738 184.4226 429.2232 259.7570 1.4394 1.5575 4.1659 -6.0673 1.6921 14.8914 0.0333 10.4579
Car -1 -1 0.3398 326.1131 176.5039 490.8404 232.6950 1.6157 1.6888 4.5050 -6.0770 1.7317 21.8702 0.0688 9.0581
Car -1 -1 0.7085 0.0000 189.8281 234.8119 373.3080 1.5267 1.6308 4.1923 -6.2267 1.7121 7.0110 -0.0178 9.0328
Car -1 -1 3.7305 0.0000 157.4157 269.3192 310.4013 1.8071 1.6839 3.7987 -6.8047 1.6251 9.4302 3.1054 8.9347
Car -1 -1 3.6300 57.4465 185.1373 328.3596 281.6973 1.4779 1.6144 3.6071 -6.8980 1.6992 12.1184 3.1125 8.6510
Car -1 -1 3.3785 375.0259 181.4428 499.7751 222.5209 1.4575 1.6218 4.2378 -6.3752 1.7861 26.7572 3.1446 5.6459
Car -1 -1 -1.7124 633.9064 178.3800 662.5858 199.7066 1.4844 1.5926 3.7319 2.7545 1.9067 53.1502 -1.6606 3.8795
Car -1 -1 3.3868 342.9214 175.0362 469.6385 221.3824 1.5074 1.6047 3.8510 -6.8606 1.5842 24.4038 3.1128 2.7601
Car -1 -1 1.8593 356.9111 156.6790 398.9897 181.6427 1.5782 1.6148 3.8407 -15.2678 0.5560 47.5510 1.5486 2.1952
Car -1 -1 1.4045 803.9339 160.1517 833.6277 179.8796 1.5079 1.6156 4.0043 16.4925 0.5374 57.2288 1.6851 1.2410
Car -1 -1 0.0557 509.8267 171.6987 572.2349 194.9928 1.5113 1.6406 4.0239 -4.5525 1.4367 47.7100 -0.0395 0.0246
Car -1 -1 -3.0266 501.9336 178.8803 557.3495 200.7436 1.4827 1.5762 3.6737 -5.5864 1.9087 50.1647 -3.1375 -0.1396
Car -1 -1 1.8320 423.6915 158.6056 453.8088 176.8953 1.5750 1.6214 4.0315 -15.2097 0.3484 64.1693 1.5993 -0.2631
