Car -1 -1 -1.7996 716.5862 186.2131 866.7141 285.5945 1.3985 1.6164 4.0741 2.9436 1.6725 12.7376 -1.5725 14.0601
Car -1 -1 1.6851 524.6115 176.7700 575.4253 217.6202 1.4497 1.5473 3.6239 -2.2905 1.6109 27.7915 1.6028 12.2732
Car -1 -1 0.5200 0.0000 179.5586 368.2944 301.9444 1.5334 1.6484 4.3653 -5.8542 1.6344 9.9777 -0.0106 10.9390
Car -1 -1 0.4672 136.1017 183.4149 404.3635 275.1763 1.4860 1.5748 4.0058 -5.9136 1.6852 12.7300 0.0324 10.8374
Car -1 -1 -1.7273 653.0866 171.6654 707.2676 212.6148 1.6602 1.6960 4.2017 2.9369 1.6124 31.4004 -1.6340 10.4876
Car -1 -1 3.3534 279.7902 176.1436 459.9269 237.6028 1.5168 1.6387 4.2392 -6.2278 1.6083 18.9539 3.0360 9.2943
Car -1 -1 -2.2514 873.8494 205.9219 1241.0000 374.0000 1.4295 1.5701 3.9548 2.7832 1.6844 3.5602 -1.5879 7.9300
Car -1 -1 -2.4259 0.0000 156.9703 184.1699 345.3272 1.7027 1.6589 3.6886 -6.7602 1.5595 7.3949 -3.1665 6.2990
Car -1 -1 3.2589 444.7635 174.9219 523.2899 205.4664 1.4237 1.5479 3.5556 -6.0355 1.5257 34.6165 3.0863 5.5197
Car -1 -1 -1.6796 631.5477 175.6163 654.1930 193.3760 1.5376 1.6207 3.9092 2.9155 1.7948 65.0916 -1.6349 2.0531
Car -1 -1 0.0780 513.5545 160.8655 562.7286 178.9060 1.5214 1.6431 4.0704 -6.1389 0.5107 61.7116 -0.0211 0.8801
Car -1 -1 2.3326 422.0432 149.6681 475.5748 170.6895 1.5219 1.6479 4.0255 -12.2269 -0.1706 54.8261 2.1131 0.6905
Car -1 -1 -0.1163 690.6853 169.8316 736.9933 185.9135 1.4692 1.6367 4.0784 9.5645 1.1934 66.7841 0.0259 0.0650
