Car -1 -1 -1.3592 421.2502 185.0924 496.8595 235.8415 1.4284 1.5389 3.6321 -4.5102 1.4261 22.0530 -1.5609 13.3228
Car -1 -1 -1.2344 216.5361 193.1136 423.3453 313.8040 1.4475 1.6094 4.0724 -4.1385 1.5915 10.9430 -1.5960 12.3821
Car -1 -1 -1.3065 370.4144 181.5000 434.2558 222.1173 1.6179 1.6541 3.8765 -8.6885 1.4710 30.5779 -1.5833 9.3081
Car -1 -1 -0.9402 0.0000 180.5821 209.5240 306.7504 1.6609 1.6312 4.0051 -8.3305 1.6010 11.4637 -1.5686 8.6136
Car -1 -1 -1.4178 470.9592 182.5578 519.7584 218.2944 1.5005 1.5798 3.8935 -4.9926 1.3901 32.1275 -1.5720 8.2894
Car -1 -1 -1.5687 578.2009 183.9223 609.4146 211.6005 1.4397 1.6240 3.7628 -0.7900 1.3736 39.2840 -1.5888 8.0163
Car -1 -1 -1.1499 226.7302 169.6624 328.7643 224.6134 1.9266 1.7993 4.6491 -12.5126 1.3824 27.5290 -1.5765 6.5491
Car -1 -1 -1.2995 357.0341 180.0116 404.9656 208.3134 1.5111 1.6192 3.7370 -12.6696 1.2343 40.2712 -1.6043 4.5374
Car -1 -1 2.0375 230.1991 186.1013 346.0763 246.3975 1.4715 1.4938 3.3397 -8.4946 1.4985 19.2960 1.6228 4.4153
Car -1 -1 -1.4467 505.2406 183.1707 540.2501 209.5326 1.4523 1.5694 3.6133 -4.8812 1.3408 41.4100 -1.5641 3.7369
Car -1 -1 -1.4238 484.2252 171.1658 509.9788 189.1267 1.4796 1.5908 4.0788 -9.4053 0.3233 61.2574 -1.5762 1.9312
Car -1 -1 -1.6535 623.9764 170.9574 647.7376 193.6162 2.0253 1.8128 4.6919 2.5591 0.7520 66.6335 -1.6151 0.8307
Car -1 -1 -1.2737 403.3624 168.6796 435.3718 187.3319 1.5864 1.6358 3.9529 -16.5166 0.1811 63.1452 -1.5295 0.6861
Car -1 -1 1.7806 431.5317 170.9205 461.4133 189.9188 1.4722 1.5634 3.8951 -12.9111 0.3656 57.6576 1.5603 0.3726
Car -1 -1 -1.5984 646.0563 184.3774 678.5376 213.3288 1.4683 1.6148 3.8426 2.8404 1.4269 38.4092 -1.5246 -0.7891
