Car -1 -1 -1.4024 376.5986 181.0101 479.2496 262.7728 1.6007 1.6037 3.6785 -3.9064 1.5195 15.9618 -1.6425 13.5865
Car -1 -1 -1.2466 226.3857 187.5410 340.8077 243.7296 1.3760 1.6242 4.2092 -8.8700 1.4487 19.9513 -1.6650 13.4049
Car -1 -1 -1.0724 62.1648 163.4472 221.3969 244.0108 2.0820 1.8420 4.7377 -13.3901 1.5206 21.0005 -1.6400 11.7496
Car -1 -1 -1.5928 534.4141 175.1178 585.4974 225.6587 1.6345 1.6544 3.5705 -1.7534 1.3090 25.0973 -1.6625 11.4918
Car -1 -1 -0.9420 0.0000 194.1215 128.6192 354.9623 1.4624 1.5902 3.9988 -7.9081 1.5987 8.8313 -1.6723 11.2771
Car -1 -1 -1.3356 330.7553 183.2053 394.6893 222.0439 1.4695 1.6025 3.8471 -9.8980 1.3946 29.1846 -1.6626 9.9528
Car -1 -1 -1.3003 313.9994 180.5228 359.4276 205.9757 1.4297 1.5820 3.6503 -15.9033 1.1672 42.2618 -1.6602 4.6787
Car -1 -1 -1.4277 413.7297 185.0845 478.4366 234.3389 1.5104 1.5833 3.7515 -5.3463 1.5075 23.9710 -1.6471 3.1258
Car -1 -1 -1.4345 586.7900 165.7718 617.6344 189.0845 1.5341 1.6035 3.8993 -0.3625 0.2557 49.3377 -1.4418 0.1100
Car -1 -1 -1.4509 407.9646 166.5832 443.1329 193.3265 1.5479 1.6181 3.8812 -11.0360 0.4706 43.6302 -1.6987 -0.1463
