Car -1 -1 -1.7717 710.7077 185.8201 832.8829 280.3548 1.4925 1.5535 3.3727 2.8429 1.7667 13.5439 -1.5648 14.4083
Car -1 -1 0.5957 0.0000 195.3024 310.3858 324.4558 1.4168 1.5458 3.8563 -6.0263 1.7204 8.9641 0.0039 11.1582
Car -1 -1 -0.2708 775.3389 176.6495 956.2286 243.3043 1.6265 1.6637 4.1123 6.4514 1.7302 18.6710 0.0619 11.0721
Car -1 -1 0.4989 76.6894 186.5796 384.9946 294.5473 1.5161 1.5958 3.9552 -5.7716 1.7454 11.1859 0.0225 10.9892
Car -1 -1 0.4228 228.7675 178.9321 442.5735 253.8742 1.5513 1.6040 4.1442 -6.0398 1.6944 16.0131 0.0621 10.9821
Car -1 -1 0.5055 165.5756 183.1938 400.3820 267.7597 1.4673 1.5262 3.7855 -6.1446 1.6766 13.6579 0.0827 9.5267
Car -1 -1 3.3362 307.7695 183.6010 464.7007 239.0594 1.4854 1.6180 4.0700 -6.3667 1.8097 20.7306 3.0382 7.3838
Car -1 -1 -2.3211 0.0000 199.7214 99.2545 374.0000 1.4527 1.5520 3.4874 -6.8777 1.7202 6.3950 -3.1428 6.1449
Car -1 -1 3.4880 258.3230 179.7113 422.4883 240.7557 1.4828 1.5633 3.6291 -6.8716 1.6666 18.5015 3.1324 6.1314
Car -1 -1 3.4199 338.9640 180.1355 480.0136 230.2578 1.5447 1.6273 4.1015 -6.4455 1.7887 23.3072 3.1501 4.3536
Car -1 -1 -1.6285 639.1203 180.5023 667.2716 204.2009 1.4494 1.6124 3.9361 2.7664 1.9727 47.3641 -1.5702 4.0502
Car -1 -1 1.8855 321.4184 159.5324 369.4506 186.1626 1.4647 1.5548 3.6079 -15.1966 0.7324 41.5143 1.5346 2.5174
Car -1 -1 0.1139 471.2046 178.0512 538.8828 204.0620 1.4616 1.6002 3.7175 -6.0660 1.7687 41.7389 -0.0304 1.9292
Car -1 -1 3.2534 481.2082 180.7160 545.9604 205.5716 1.4831 1.5922 3.7980 -5.9305 1.9765 44.4148 3.1206 0.7495
Car -1 -1 -0.0299 687.8694 173.7889 731.9751 189.8398 1.5173 1.6419 4.1507 9.5572 1.6089 69.3647 0.1071 0.2200
Car -1 -1 1.8483 348.1381 168.9406 379.4784 187.0347 1.5476 1.6087 3.9172 -21.7160 1.2132 63.7080 1.5198 -0.4996
