Car -1 -1 -1.9327 750.6910 184.8743 1067.8769 374.0000 1.4675 1.5700 3.5625 2.4972 1.6159 7.0857 -1.5938 14.3806
Car -1 -1 -1.7028 661.4827 178.2606 727.6046 229.8414 1.4688 1.5760 3.7528 2.5445 1.6544 22.8326 -1.5918 14.0299
Car -1 -1 -1.2522 264.8712 182.2451 500.5355 336.4853 1.5109 1.6324 4.1411 -2.6909 1.6613 9.4231 -1.5303 13.7734
Car -1 -1 -1.0873 0.0000 180.7564 393.1706 374.0000 1.6087 1.6248 4.0918 -2.6684 1.6797 4.3512 -1.6374 10.5851
Car -1 -1 -1.7476 640.9143 177.6283 688.7339 212.3801 1.5827 1.6560 4.0001 2.5967 1.8318 35.5043 -1.6746 9.7999
Car -1 -1 -1.5348 536.1700 179.2210 572.4922 212.4873 1.5573 1.6938 4.3271 -2.8224 1.9019 36.8110 -1.6113 8.9044
Car -1 -1 -1.3971 384.0580 182.0282 497.7758 271.1627 1.4783 1.5504 3.6935 -3.2391 1.6836 14.2345 -1.6209 8.0604
Car -1 -1 0.3034 294.0829 167.0724 417.7739 209.4737 1.5065 1.5915 3.9924 -9.3008 1.3014 26.4968 -0.0342 3.7587
Car -1 -1 2.1819 0.0000 137.6587 58.4384 194.1899 1.4666 1.5606 3.6327 -17.8305 0.5539 20.6029 1.4685 2.2833
Car -1 -1 0.1191 514.3210 165.8530 556.4063 182.5042 1.5428 1.6273 3.7618 -6.9984 0.8945 67.6956 0.0161 -0.4154
