Car -1 -1 -1.8779 748.3426 189.4364 975.1648 331.9273 1.4308 1.6080 4.1675 3.0459 1.7049 9.8176 -1.5771 12.5189
Car -1 -1 -2.2252 864.4898 195.8526 1241.0000 374.0000 1.4658 1.5643 3.9063 2.7734 1.6488 3.7604 -1.5897 11.9779
Car -1 -1 1.8341 359.6514 196.2663 485.4004 281.1191 1.3967 1.5470 3.8014 -3.7435 1.9409 14.8428 1.5870 11.6143
Car -1 -1 -1.7626 706.5823 180.4106 819.2267 266.3335 1.5749 1.6157 3.8582 3.0831 1.7578 15.4955 -1.5662 11.3744
Car -1 -1 1.9140 218.1064 194.4018 419.2996 336.7646 1.5571 1.5285 3.3784 -3.8999 1.9106 10.1139 1.5460 11.2034
Car -1 -1 2.2210 0.0000 219.8385 316.0686 374.0000 1.3834 1.5501 3.6009 -3.5599 1.8170 4.8385 1.5867 9.2674
Car -1 -1 -1.7454 641.4060 180.6001 686.2361 213.7835 1.5729 1.6433 3.8681 2.6765 1.9936 37.1430 -1.6735 5.1974
Car -1 -1 2.4356 553.9793 183.4020 597.7853 200.3051 1.4595 1.6215 3.9304 -3.1479 2.4625 66.6487 2.3884 4.2316
Car -1 -1 -1.1936 448.2703 171.2924 479.4084 187.7454 1.4396 1.5681 3.5099 -13.1523 1.3033 64.9948 -1.3933 3.8075
Car -1 -1 -1.6436 597.2333 184.3870 623.0669 206.5694 1.4726 1.5858 3.6171 -0.0488 2.3291 51.6962 -1.6446 3.2937
Car -1 -1 -1.7299 777.8648 176.9358 831.5128 215.1773 1.4521 1.5545 3.6882 7.9063 1.6314 29.7171 -1.4699 0.4810
