Car -1 -1 -1.9448 625.1937 201.5256 881.3960 374.0000 1.5264 1.6514 4.1236 1.4299 1.9760 9.1104 -1.7891 13.0342
Car -1 -1 -1.8049 564.9637 201.1847 695.1430 303.5278 1.4915 1.5856 3.7117 0.1787 2.1037 13.5954 -1.7917 11.8967
Car -1 -1 -1.7159 509.7153 190.9226 593.7806 267.0337 1.6622 1.6373 3.5326 -1.6369 2.1754 18.5685 -1.8038 10.0825
Car -1 -1 1.8621 0.0000 216.8479 233.3080 374.0000 1.5670 1.6277 4.1140 -5.3930 2.1753 7.7593 1.2547 9.7967
Car -1 -1 1.7769 172.1152 210.9175 298.3031 311.4534 1.5318 1.5285 3.4016 -7.2819 2.3800 14.2278 1.3039 9.4469
Car -1 -1 -2.3218 778.2729 205.6203 1241.0000 374.0000 1.5837 1.5712 3.4986 2.5087 1.8716 4.4437 -1.8078 7.8711
Car -1 -1 -1.5002 285.1695 195.9806 348.4244 257.9804 1.8212 1.7442 4.4719 -10.2518 2.7118 25.3751 -1.8842 4.4605
Car -1 -1 -0.8864 534.5323 180.1271 585.1310 201.5971 1.5621 1.6238 4.2278 -3.8875 2.1508 56.1753 -0.9555 2.0176
Car -1 -1 1.7231 336.2073 198.9383 371.9483 225.3437 1.4577 1.5937 3.6681 -16.1707 3.1784 45.6344 1.3826 0.0126
Car -1 -1 -1.5164 455.5130 195.0105 486.2680 223.3364 1.4723 1.5811 3.6064 -8.1602 2.8315 42.3561 -1.7068 -0.3111
Car -1 -1 -1.1755 549.0332 179.7341 590.7533 201.8216 1.5094 1.5934 4.1121 -2.9189 2.0351 52.8831 -1.2306 -0.6668
