Car -1 -1 -1.8187 683.0237 185.3822 776.5139 252.6071 1.4716 1.5379 3.2670 2.8588 1.8161 18.1210 -1.6622 12.7597
Car -1 -1 -2.6703 154.9759 192.1278 400.7544 271.6753 1.4060 1.5899 4.0773 -6.4057 1.8057 14.0625 -3.0977 11.6501
Car -1 -1 -1.7245 644.9747 181.8502 704.6850 225.2961 1.4968 1.6674 4.0913 2.3752 1.8703 27.8230 -1.6394 11.0358
Car -1 -1 3.7531 0.0000 190.6348 260.6396 327.0791 1.5381 1.6018 3.8664 -6.8367 1.7865 9.2068 3.1143 10.1734
Car -1 -1 3.8690 0.0000 195.4788 160.1174 374.0000 1.5305 1.6433 3.9533 -6.7779 1.7722 6.7553 3.0819 9.2458
Car -1 -1 -2.7728 301.5906 186.4738 457.7923 242.4828 1.5185 1.6305 4.0033 -6.6602 1.9320 20.9502 -3.0806 8.4973
Car -1 -1 -2.7681 247.3306 189.4151 436.2204 249.5402 1.4498 1.6056 4.3030 -6.9042 1.8990 18.7072 -3.1216 7.7133
Car -1 -1 0.4586 217.7366 186.0747 422.2031 258.3506 1.5225 1.6075 4.0494 -6.5953 1.8430 16.5079 0.0785 7.0460
Car -1 -1 0.2116 416.6489 186.2666 517.9335 221.2741 1.4610 1.5945 4.1062 -6.2332 2.0638 31.5779 0.0167 6.8500
Car -1 -1 -2.8635 1155.8841 196.2127 1241.0000 374.0000 1.5029 1.5972 4.2120 6.7606 1.7487 5.3282 -1.9602 4.7115
Car -1 -1 3.3682 341.4026 184.4522 467.6941 234.0896 1.5240 1.5639 3.6880 -6.6417 1.9151 23.4310 3.0919 4.0456
Car -1 -1 1.5099 520.9728 182.3792 548.6890 207.1379 1.5307 1.6063 3.7494 -5.0761 2.1924 48.1130 1.4048 0.1122
Car -1 -1 -1.5022 538.3098 172.7711 557.9373 188.8569 1.4754 1.5878 3.8514 -5.8336 1.4682 68.1169 -1.5876 -0.2621
