Car -1 -1 1.8276 396.8502 184.1253 492.8306 247.3067 1.4862 1.6008 3.8946 -4.4185 1.8244 19.6488 1.6064 13.0378
Car -1 -1 -1.8180 753.1756 181.3583 883.2782 269.0226 1.5004 1.6098 3.7788 3.9976 1.6956 14.6212 -1.5511 12.8940
Car -1 -1 -2.0101 804.2084 181.3370 1059.5633 332.5734 1.5680 1.5953 3.6705 3.8965 1.7029 9.5630 -1.6231 12.7142
Car -1 -1 -2.3566 998.8420 213.3585 1241.0000 374.0000 1.4516 1.5432 3.9157 3.8457 1.7780 3.8466 -1.5714 11.6527
Car -1 -1 -1.7431 720.5093 179.7825 800.5293 239.6429 1.4892 1.5734 3.5981 4.0636 1.7009 20.1879 -1.5444 11.0019
Car -1 -1 -1.7419 696.4798 177.3680 762.8283 224.5617 1.5021 1.6251 3.9734 4.0675 1.6735 25.3409 -1.5827 7.9957
Car -1 -1 1.7423 488.2580 181.4134 541.6151 219.7398 1.4720 1.5965 3.9173 -4.0005 1.8589 30.5885 1.6123 7.7084
Car -1 -1 1.7806 457.1337 181.2545 524.9904 228.4838 1.4915 1.5989 3.7952 -4.1452 1.8101 25.4047 1.6189 7.1934
Car -1 -1 1.6972 544.0968 178.0649 575.4926 203.0978 1.5285 1.5803 3.6597 -3.2426 1.8797 46.7062 1.6279 6.2631
Car -1 -1 -1.6632 688.8377 175.5073 727.6863 209.2115 1.5897 1.5926 3.6045 4.8366 1.7298 36.1519 -1.5302 4.5614
