Car -1 -1 2.0255 146.5873 196.7512 339.5004 303.2682 1.4784 1.5704 3.5620 -6.2214 1.9552 12.5966 1.5668 13.8983
Car -1 -1 -1.7158 680.9303 181.5650 764.3556 244.8715 1.4669 1.6174 3.8794 2.8362 1.7224 19.1918 -1.5691 13.1960
Car -1 -1 -3.7262 949.7469 163.1823 1241.0000 258.7096 1.4900 1.6628 4.2916 8.1881 1.3395 12.1048 -3.1315 12.2498
Car -1 -1 -1.2899 376.2730 184.3327 463.6369 240.5784 1.6224 1.6740 4.2269 -6.1924 2.0357 23.8163 -1.5443 11.0582
Car -1 -1 2.7431 807.1876 159.2130 978.6039 218.6888 1.6929 1.7244 4.4256 8.2756 1.3050 21.4643 3.1111 10.9161
Car -1 -1 2.6385 884.8887 148.6647 1141.8436 237.8370 1.7823 1.7222 4.4841 8.3454 1.2992 15.2876 3.1381 8.7932
Car -1 -1 1.7307 479.5672 183.2699 519.4201 212.0502 1.4791 1.6103 3.8907 -6.1763 2.0916 40.4447 1.5791 6.9811
Car -1 -1 2.4840 0.0000 216.7009 160.3985 374.0000 1.4805 1.5197 3.4999 -3.7531 1.7666 2.9441 1.5784 5.5943
Car -1 -1 1.7957 457.5370 183.6263 508.2537 218.4036 1.5246 1.5997 3.7988 -6.0985 2.0730 34.7677 1.6221 4.8431
Car -1 -1 1.7326 522.2699 180.7859 548.1373 199.8084 1.4481 1.5355 3.4861 -6.0272 2.1079 58.1985 1.6294 1.5389
Car -1 -1 1.8407 335.3238 187.7062 431.0210 248.8769 1.4699 1.5942 3.7800 -6.2651 1.9251 20.1791 1.5396 1.3416
Car -1 -1 1.7112 494.4199 184.5668 527.4673 209.9782 1.4712 1.5619 3.6410 -6.2066 2.2362 45.2758 1.5750 0.6341
Car -1 -1 1.4608 669.6672 172.3802 691.7549 189.0582 1.5051 1.6106 3.9974 6.5288 1.4627 67.1206 1.5577 0.2312
Car -1 -1 1.4284 691.6375 161.3788 717.1323 180.0156 1.5247 1.5715 4.0764 7.9315 0.5863 61.0770 1.5576 -0.4499
Car -1 -1 1.4362 714.0619 168.5928 744.5923 191.5290 1.4658 1.5341 3.5197 7.8519 1.1938 47.8883 1.5987 -0.8253
