Car -1 -1 -1.8691 781.1080 191.5094 956.6654 306.6016 1.4965 1.5913 3.9358 4.0160 1.8588 12.0101 -1.5464 12.4882
Car -1 -1 -1.8484 733.9379 182.5537 838.7559 259.0455 1.6543 1.5974 3.4694 4.1843 1.9181 17.8217 -1.6178 11.5110
Car -1 -1 1.7943 477.4613 185.2368 540.3109 229.4651 1.5387 1.6230 3.8168 -3.9114 2.0564 28.1735 1.6563 10.6071
Car -1 -1 -1.7055 717.7375 186.1474 784.9819 239.1855 1.4723 1.5734 3.8831 4.3685 1.9330 23.0001 -1.5178 10.2346
Car -1 -1 -1.6935 702.9913 183.4308 754.7472 226.4957 1.5330 1.5670 3.6014 4.5724 1.9766 28.4080 -1.5339 7.1375
Car -1 -1 1.7074 530.0190 186.5009 568.5932 216.0187 1.4518 1.5872 3.8052 -3.2858 2.2308 39.2227 1.6239 5.1761
Car -1 -1 -2.1486 886.2074 77.9184 1241.0000 374.0000 1.9746 1.8228 4.5556 3.9681 1.4977 5.9143 -1.5577 5.1651
Car -1 -1 1.6914 568.9038 183.3585 595.5250 204.0610 1.4689 1.5873 3.8222 -2.1165 2.3011 55.1616 1.6530 5.0192
Car -1 -1 1.7389 511.5812 185.7385 558.6865 221.5647 1.5170 1.5873 3.8068 -3.4970 2.1577 33.9044 1.6361 4.6800
Car -1 -1 -1.2925 1109.2275 89.8652 1241.0000 198.9852 1.4395 1.6028 3.8516 9.4983 0.3451 11.2546 -0.5916 1.4039
Car -1 -1 1.9614 474.8664 175.9935 523.7926 200.8126 1.4745 1.6249 4.0798 -6.9642 1.6827 45.5888 1.8098 1.3528
Car -1 -1 1.2489 880.9705 177.5023 924.8777 200.6442 1.4860 1.5706 4.0389 19.8915 1.8168 49.2225 1.6329 1.1790
Car -1 -1 1.3473 921.1214 177.3745 965.1816 203.6104 1.4799 1.5919 3.8236 19.9603 1.7652 43.4338 1.7781 0.8239
