Car -1 -1 -0.5148 774.7796 143.9485 1106.8489 266.0638 1.5393 1.6148 3.9494 4.4366 1.1753 10.0945 -0.1007 13.6578
Car -1 -1 -0.2526 681.3922 140.6083 817.8855 194.0025 1.4758 1.5195 3.5976 3.9217 0.5849 20.8172 -0.0663 12.4056
Car -1 -1 3.6132 56.2723 135.1373 321.2250 222.3325 1.5527 1.6474 4.0668 -7.9229 0.8814 13.7709 3.0911 10.8010
Car -1 -1 3.4385 248.3058 135.5398 416.1888 187.2671 1.4815 1.6542 4.4081 -8.2633 0.4132 21.6369 3.0737 9.9725
Car -1 -1 0.4873 0.0000 120.7034 253.1210 238.5317 1.6652 1.6137 3.6632 -7.8284 0.9285 11.2179 -0.1220 9.1854
Car -1 -1 0.4290 171.2442 131.7609 370.6966 203.2176 1.5625 1.5611 3.8467 -7.7266 0.6643 16.5692 -0.0073 8.2820
Car -1 -1 -0.7262 766.8798 144.9099 835.8002 170.1963 1.4560 1.6014 3.9491 11.5074 -0.1657 43.4854 -0.4675 2.1956
Car -1 -1 -1.3460 1046.7412 146.9161 1103.5300 176.9540 1.5090 1.6465 4.1671 24.6823 0.2063 38.2892 -0.7734 2.1051
Car -1 -1 -1.6843 668.2839 139.0487 728.8638 187.5232 1.4885 1.5815 3.5811 2.8195 0.4508 23.9474 -1.5671 1.8293
Car -1 -1 -3.5425 943.0685 128.8213 1073.6336 172.6174 1.6027 1.6217 4.0302 15.0057 -0.0090 27.4205 -3.0417 -0.6725
