Car -1 -1 -0.9669 0.0000 189.5604 381.5488 374.0000 1.5333 1.5811 3.7362 -2.6493 1.6656 3.8289 -1.5722 9.6674
Car -1 -1 1.7881 417.9840 184.8329 462.4529 212.9377 1.4624 1.6219 4.1850 -9.7208 2.1857 41.4373 1.5577 9.2294
Car -1 -1 2.0411 154.7501 193.1392 301.4398 259.7905 1.4357 1.6451 4.2442 -9.8715 2.0292 18.9655 1.5612 7.2719
Car -1 -1 -1.5133 598.1945 174.3728 627.4819 200.2485 1.5930 1.6674 4.0828 0.1929 1.6962 46.7531 -1.5091 4.6886
Car -1 -1 1.3200 850.8697 160.2612 882.6479 178.7117 1.4831 1.5934 3.7832 21.2686 0.4712 59.9520 1.6609 2.2921
Car -1 -1 1.7630 423.7589 176.9760 477.4978 215.3957 1.5817 1.6272 3.8385 -7.0492 1.7763 32.0564 1.5466 1.5156
Car -1 -1 1.7194 487.7483 177.9262 520.1794 202.0034 1.4922 1.5825 3.6508 -6.9435 1.8381 47.3137 1.5737 0.8999
Car -1 -1 2.1486 106.8976 200.8738 187.6144 234.0302 1.4725 1.6368 3.9260 -23.8775 2.9996 37.3413 1.5797 0.6930
Car -1 -1 1.7575 469.9724 179.5269 508.4116 206.5565 1.4703 1.5686 3.5744 -7.0094 1.8752 41.9390 1.5919 -0.1708
Car -1 -1 1.9130 295.2384 180.6334 401.8770 241.3169 1.4697 1.5873 3.7197 -7.0895 1.7038 19.8108 1.5694 -0.2240
