Car -1 -1 -1.7861 731.0567 182.6234 888.0262 307.8145 1.5221 1.5269 3.2020 2.7158 1.6888 10.6502 -1.5364 14.1985
Car -1 -1 -1.0508 0.0000 208.4202 316.3135 374.0000 1.4514 1.5248 3.2378 -4.1829 1.8661 6.7593 -1.6049 13.0979
Car -1 -1 1.7387 464.9740 181.9500 520.0351 224.5811 1.6030 1.6236 3.8984 -4.8398 2.0052 29.9186 1.5783 12.2539
Car -1 -1 -1.2656 333.7337 179.9440 468.6414 272.8750 1.7391 1.6691 4.1283 -4.4644 1.9164 15.9086 -1.5392 11.9919
Car -1 -1 -1.6798 660.8572 177.3171 715.0996 223.8632 1.5664 1.5833 3.5102 2.7412 1.7408 26.3752 -1.5763 11.3412
Car -1 -1 1.6918 512.5253 183.3267 544.5455 208.5484 1.4748 1.5703 3.7811 -5.1457 2.1654 45.6598 1.5796 4.3491
Car -1 -1 -1.5158 546.9055 183.8329 566.9155 201.3192 1.4578 1.5773 3.8540 -4.7417 2.4696 64.5297 -1.5891 3.7718
Car -1 -1 -1.4184 634.3142 178.9826 657.8333 195.7386 1.4616 1.5957 3.8856 3.3346 2.0445 66.5107 -1.3683 2.2273
Car -1 -1 1.4841 682.7959 154.1996 709.0101 174.3020 1.4853 1.6417 4.1100 6.5308 0.1073 55.3878 1.6015 0.3401
Car -1 -1 -1.7412 712.6020 173.4866 758.6578 205.3711 1.5116 1.6145 4.0010 6.2165 1.5455 36.2840 -1.5715 0.0533
