Car -1 -1 -1.7618 677.2471 170.4359 788.3071 259.8291 1.8229 1.7403 4.2142 2.6578 1.7740 16.8469 -1.6053 10.6638
Car -1 -1 3.6852 45.1558 183.9957 340.9971 285.6793 1.4777 1.5888 3.8218 -6.5538 1.6689 11.5120 3.1676 10.4584
Car -1 -1 0.4350 151.8796 179.0242 409.3325 265.7180 1.5603 1.6603 4.2290 -6.2824 1.6873 13.9607 0.0122 10.2729
Car -1 -1 -2.7270 211.8700 186.4887 420.4826 255.2694 1.4393 1.6232 4.0615 -6.5873 1.7646 16.3169 -3.1107 8.7069
Car -1 -1 -1.6889 653.9404 179.1143 708.0814 223.4626 1.5585 1.6166 3.8968 2.6286 1.8178 27.8768 -1.5949 7.7230
Car -1 -1 3.3864 321.6768 177.2987 456.5031 233.4656 1.5596 1.5639 3.4845 -6.4081 1.6949 21.0392 3.0908 6.2234
Car -1 -1 -1.7240 664.3558 182.0306 735.3874 238.3439 1.5389 1.6010 3.6962 2.6299 1.8455 22.2017 -1.6061 5.7374
Car -1 -1 0.2294 346.4128 168.2091 483.6527 224.9295 1.7694 1.6925 4.0208 -6.2873 1.6249 23.4177 -0.0329 4.9873
Car -1 -1 3.2073 468.1063 176.3820 531.3208 204.0386 1.5984 1.6100 3.6185 -6.5491 1.8132 42.8984 3.0558 4.5143
Car -1 -1 -2.9001 404.4280 174.9311 500.3320 213.9067 1.5919 1.6069 3.6723 -6.6351 1.6823 30.4112 -3.1149 3.8779
Car -1 -1 3.4560 275.2239 180.4962 434.7055 239.8008 1.4621 1.5617 3.6173 -6.6108 1.6705 18.8207 3.1182 3.8542
Car -1 -1 -1.6556 636.0708 178.6470 672.1960 208.2608 1.5211 1.6453 4.0736 2.3561 1.8585 39.9214 -1.5966 3.0991
Car -1 -1 1.1020 805.7568 163.3793 853.8172 186.1163 1.4820 1.6129 3.7116 14.8390 0.8648 48.9948 1.3961 1.2995
Car -1 -1 3.3974 354.8898 160.5377 475.1227 205.0654 1.5410 1.6237 3.8653 -6.9469 1.1151 25.7945 3.1343 0.4975
Car -1 -1 -3.2876 757.0617 165.7570 814.8473 188.6732 1.5907 1.6296 3.7741 12.3857 1.0984 51.0664 -3.0496 -0.1551
Car -1 -1 -1.6114 629.7806 176.1586 655.4411 199.9498 1.5888 1.6332 4.0525 2.2301 1.8311 50.7761 -1.5676 -0.2342
Car -1 -1 -1.7530 695.6048 151.8531 733.0729 176.7992 1.4767 1.6104 3.8874 6.3799 0.2339 44.6842 -1.6111 -0.5661
