Car -1 -1 -1.4867 712.1098 178.8645 769.9461 229.5951 1.6226 1.6597 3.9489 4.6839 1.4206 25.1125 -1.3023 10.6555
Car -1 -1 2.1311 0.0000 212.0308 90.0744 361.8359 1.4433 1.5945 4.0100 -9.0481 1.8890 9.7976 1.3855 9.6692
Car -1 -1 -1.0421 0.0000 209.0571 109.1457 279.5046 1.4321 1.5687 4.0172 -14.5631 2.1045 18.1345 -1.7187 9.1973
Car -1 -1 -1.1773 119.6299 200.8010 186.7144 235.0894 1.5284 1.5836 3.5076 -22.4558 2.3416 35.5935 -1.7401 5.5012
Car -1 -1 1.7200 792.4461 177.2490 824.2074 200.2456 1.6004 1.6368 4.0688 14.5843 1.0471 52.2147 1.9924 3.2763
Car -1 -1 -1.4024 352.2124 183.0477 385.6266 206.6762 1.5932 1.6303 3.6892 -16.7258 1.4481 50.4125 -1.7228 3.1553
Car -1 -1 1.7217 319.9553 188.6500 360.0946 216.1138 1.5012 1.6022 4.0843 -15.6077 1.7133 41.9922 1.3659 2.3534
Car -1 -1 -1.2385 173.7711 147.1822 315.6578 247.4493 2.5522 2.0002 5.5208 -10.4483 1.5852 21.1586 -1.6972 0.4689
Car -1 -1 -1.0197 0.0000 198.2788 111.7677 247.5237 1.5952 1.6452 3.9682 -20.3112 2.1142 26.4337 -1.6749 -0.0148
Car -1 -1 -1.3310 847.7557 183.8699 885.1078 205.9135 1.5138 1.5949 4.0845 18.5488 1.4226 51.5064 -0.9853 -0.7016
