Car -1 -1 2.1684 0.0000 200.6698 164.9538 280.3604 1.4908 1.6017 3.8706 -12.3713 2.2158 16.8292 1.5345 11.7898
Car -1 -1 -1.3382 308.1269 182.2595 496.1682 325.9358 1.6358 1.6633 4.2218 -2.8369 1.8026 10.6253 -1.5991 10.9380
Car -1 -1 -1.5679 590.5626 177.7656 617.6253 204.2903 1.6191 1.6803 4.0476 -0.4110 1.9520 46.8210 -1.5767 5.3518
Car -1 -1 1.7725 459.2590 184.1842 491.4126 205.1714 1.4759 1.6268 4.0782 -10.2478 2.3723 55.0065 1.5883 4.5348
Car -1 -1 -1.9014 824.3647 165.3512 913.5730 216.4623 1.6056 1.6504 3.9625 8.6808 1.3702 24.6508 -1.5628 2.6563
Car -1 -1 -1.8701 764.0350 173.9263 819.7805 205.6126 1.4344 1.5668 3.6964 8.6350 1.4891 34.6775 -1.6260 1.7125
Car -1 -1 1.7237 487.0259 181.0364 516.2757 203.3971 1.4963 1.5499 3.4505 -7.6932 2.0977 51.2717 1.5747 1.5962
Car -1 -1 -1.7903 661.9839 169.7447 695.8972 191.3199 1.4959 1.6087 3.9503 4.9052 1.2807 52.0857 -1.6964 -0.1656
Car -1 -1 1.5520 790.5713 164.4887 808.4197 180.5119 1.4978 1.5847 4.0368 18.2333 0.7162 69.5912 1.8083 -0.6381
Car -1 -1 -0.6612 0.0000 180.7980 39.1173 374.0000 1.5650 1.6186 4.1231 -7.2494 1.6540 5.9588 -1.5440 -0.6659
