Car -1 -1 -1.1251 79.3784 191.1169 365.5738 341.6600 1.4910 1.6156 3.9884 -4.6291 1.5848 9.2807 -1.5878 13.8095
Car -1 -1 -1.3355 381.3692 184.6427 474.7468 246.1500 1.4268 1.5281 3.5725 -4.5452 1.4146 18.4622 -1.5769 13.4113
Car -1 -1 -0.9326 16.2521 178.2030 185.2923 253.5180 1.6336 1.5829 3.4444 -12.0742 1.4827 17.3337 -1.5410 10.7238
Car -1 -1 -1.5793 576.2226 176.5333 612.5055 210.4473 1.5541 1.6637 3.8535 -0.7029 1.1573 34.8868 -1.5995 9.8553
Car -1 -1 -1.4855 483.6275 160.1778 532.1223 212.0603 2.3160 1.9046 4.7666 -4.7471 1.1994 34.5143 -1.6222 8.8642
Car -1 -1 -1.2860 321.0843 180.2420 398.0129 224.5798 1.5137 1.6398 3.9411 -9.0984 1.3451 26.5443 -1.6162 8.5384
Car -1 -1 -1.3732 428.7463 178.3090 492.2870 222.1909 1.5000 1.5724 3.8130 -5.3787 1.2650 26.4766 -1.5736 7.7747
Car -1 -1 -0.9111 0.0000 199.6406 20.0450 375.0000 1.4730 1.5948 3.9534 -8.2042 1.6637 7.3534 -1.7511 5.7767
Car -1 -1 -1.3598 409.8760 168.9316 457.7230 198.8539 1.4573 1.6209 3.8475 -8.9091 0.6654 36.9512 -1.5964 3.4293
Car -1 -1 -1.4306 460.8388 167.2863 496.6893 194.6856 1.8809 1.8283 5.3238 -9.2901 0.6512 52.0365 -1.6073 2.4953
Car -1 -1 2.3290 0.0000 200.1683 27.9191 275.3242 1.4775 1.5785 3.8585 -15.9646 1.8688 16.8261 1.5699 0.9693
Car -1 -1 2.1344 126.1209 183.7255 294.3754 258.7454 1.4627 1.5596 3.5853 -8.6121 1.4348 15.8522 1.6368 0.7979
Car -1 -1 -1.6512 631.7156 168.5275 656.1088 191.9024 2.0143 1.8038 4.6645 3.1858 0.5774 64.3022 -1.6017 -0.2186
