Car -1 -1 2.1310 0.0000 171.9422 208.1385 271.6606 2.0510 1.8325 4.7176 -11.8004 2.0326 17.2319 1.5305 10.1302
Car -1 -1 1.8133 410.6480 168.2203 469.2103 208.0899 2.0039 1.8702 5.2127 -9.0957 1.7713 38.8800 1.5835 4.2952
Car -1 -1 -1.6193 588.4945 173.6033 615.1838 197.8615 1.5614 1.6082 3.6855 -0.6113 1.6140 48.4433 -1.6319 4.1182
Car -1 -1 1.8247 382.9441 176.9078 453.1700 222.7625 1.5649 1.6227 3.7910 -7.0959 1.7268 26.8559 1.5664 1.4884
Car -1 -1 3.2201 99.0775 154.5729 167.4763 177.0554 1.4658 1.5727 3.7355 -32.0871 0.2743 48.6308 2.6368 1.2385
Car -1 -1 -1.8485 739.8761 170.5655 805.5892 209.9351 1.4615 1.5663 3.7517 6.3486 1.3769 28.7026 -1.6309 0.5644
Car -1 -1 -1.6567 687.3117 171.8238 714.9969 194.1635 1.5351 1.6264 3.9109 6.4482 1.4647 51.5643 -1.5323 0.4622
Car -1 -1 1.7035 502.0639 176.8027 531.7894 199.1161 1.4548 1.5644 3.5681 -6.3735 1.7357 49.4614 1.5754 0.0160
Car -1 -1 1.7090 488.8994 177.2771 510.8119 193.4548 1.4700 1.5377 3.9072 -10.4598 1.9029 68.5955 1.5576 -0.0403
Car -1 -1 2.2182 0.0000 193.7981 235.3597 343.3691 1.4760 1.6086 3.8895 -6.9076 1.8131 9.6323 1.5960 -0.0585
