Car -1 -1 -2.0650 800.8584 187.8855 1241.0000 374.0000 1.5356 1.6210 3.8871 2.7521 1.6902 5.4370 -1.5964 12.0090
Car -1 -1 0.4916 136.9615 180.2986 400.2059 270.9697 1.5377 1.6020 4.1201 -6.2181 1.6846 13.2946 0.0541 11.6342
Car -1 -1 -1.7996 692.5967 173.1609 814.3066 265.3976 1.6304 1.5856 3.6700 2.7074 1.6378 14.6333 -1.6167 11.1184
Car -1 -1 -1.6545 658.1543 176.1151 705.6259 216.1335 1.4633 1.5677 3.3565 2.7262 1.5994 28.3435 -1.5586 10.8449
Car -1 -1 0.2477 354.2016 177.1381 485.1869 223.3428 1.4579 1.5497 3.9006 -6.2258 1.6037 23.7029 -0.0091 9.4702
Car -1 -1 0.3790 209.9299 175.8191 428.8120 250.8034 1.5539 1.6183 4.1500 -6.3019 1.6226 15.8231 -0.0000 9.0274
Car -1 -1 0.2204 382.1168 175.5636 507.7008 219.1659 1.5144 1.6239 4.1540 -5.9174 1.6154 25.9788 -0.0036 6.4493
Car -1 -1 3.4456 275.0705 179.2662 439.2032 232.4854 1.4578 1.6266 4.1819 -7.2554 1.6513 20.8507 3.1108 6.3591
Car -1 -1 -0.1525 699.3239 170.1480 795.6903 203.0385 1.4861 1.6470 4.1889 6.2842 1.3642 33.4917 0.0330 5.2808
Car -1 -1 -1.6297 628.8492 175.4811 650.1766 193.5434 1.4935 1.6094 3.7888 2.4914 1.7270 62.1213 -1.5896 2.6499
Car -1 -1 3.4830 229.3878 155.6305 414.6609 216.9083 1.4720 1.6208 4.0344 -7.2051 1.0586 18.2113 3.1062 2.2792
Car -1 -1 1.8171 394.1426 156.5349 426.6727 177.1705 1.5550 1.5813 3.7411 -15.5452 0.3256 56.2559 1.5475 2.2232
Car -1 -1 -1.4400 546.4584 169.9866 567.5915 185.5703 1.4893 1.5876 3.8274 -5.1954 1.2156 70.9075 -1.5132 0.8349
