Car -1 -1 -2.2051 0.0000 174.6166 258.2337 295.8958 1.9723 1.7945 4.5843 -9.0798 2.0093 13.3894 -2.8010 10.3352
Car -1 -1 1.3823 323.2854 186.1133 401.2935 239.2198 1.4361 1.5794 4.0128 -7.9148 1.8930 22.7064 1.0469 9.0833
Car -1 -1 0.2131 552.1339 157.1082 675.3189 206.3578 1.5520 1.6345 3.8307 0.1113 1.0562 23.9475 0.2178 3.6428
Car -1 -1 1.2172 932.9813 170.0004 1019.0658 214.0567 1.5531 1.6279 3.9926 13.7885 1.4528 27.5071 1.6819 2.2878
Car -1 -1 -1.4043 680.7753 153.8573 710.1835 173.7677 1.4742 1.6007 4.0609 6.5957 0.0680 55.5943 -1.2862 1.8831
Car -1 -1 1.5893 247.6738 183.6240 306.7834 235.6273 1.4401 1.5721 3.6693 -10.5137 1.8107 22.8013 1.1572 1.3668
Car -1 -1 -1.7351 885.8316 177.4670 946.4944 218.0435 1.4604 1.5725 3.9162 11.9758 1.6565 28.5274 -1.3377 1.1288
Car -1 -1 -0.9059 94.8299 160.3747 162.5111 183.9288 1.4717 1.6041 3.9105 -31.3578 0.6923 47.0904 -1.4934 -0.0819
Car -1 -1 -1.2261 406.6705 145.6677 469.3419 179.5180 1.6298 1.7106 4.4968 -8.7808 0.3212 37.0676 -1.4587 -0.2507
Car -1 -1 -0.7563 20.0307 153.9095 105.7045 184.6836 1.7866 1.7152 4.1131 -33.3313 0.6871 44.0576 -1.4040 -0.5987
Car -1 -1 -2.6614 417.7925 147.5174 488.0187 171.8999 1.4604 1.6199 3.9405 -9.7336 -0.0604 44.6132 -2.8762 -0.7365
