Car -1 -1 -1.2110 220.9385 186.1148 418.5278 308.6001 1.5333 1.5801 3.5038 -4.1299 1.5501 10.7777 -1.5770 14.0184
Car -1 -1 -0.9183 0.0000 191.3388 181.9953 320.0984 1.4599 1.5880 4.1294 -8.2166 1.5675 10.4205 -1.5860 13.9254
Car -1 -1 -1.3724 437.1656 184.7940 508.1172 234.0749 1.4193 1.5401 3.3441 -4.1680 1.4083 22.3821 -1.5565 13.2642
Car -1 -1 -1.4244 487.2463 182.2158 538.7079 218.8803 1.4267 1.5652 3.9560 -3.9167 1.3111 29.9597 -1.5544 10.4640
Car -1 -1 -2.3096 946.0091 186.9797 1240.0000 375.0000 1.5449 1.5495 3.7154 3.2229 1.5591 3.4842 -1.5631 10.2488
Car -1 -1 -1.5852 595.1131 178.6450 632.4173 214.1685 1.5350 1.6125 3.6120 0.2098 1.2522 32.8717 -1.5788 9.6588
Car -1 -1 -1.1395 178.0315 168.7072 330.7265 253.2135 1.7960 1.7195 4.1267 -8.3574 1.4463 17.3519 -1.5884 9.0034
Car -1 -1 -1.6433 637.1739 181.4283 664.6693 203.3565 1.4132 1.5798 3.5055 2.8322 1.1702 48.0874 -1.5845 7.7021
Car -1 -1 -1.3413 414.1297 180.1296 471.0839 214.7152 1.5186 1.6611 4.3295 -7.6976 1.2964 33.7288 -1.5657 6.4696
Car -1 -1 1.7546 441.0755 163.3931 480.1002 189.3239 1.5254 1.6480 4.0352 -9.0431 0.2428 44.3142 1.5533 3.6452
Car -1 -1 -1.2454 311.3963 165.5031 406.1503 227.0762 1.9215 1.7610 4.3360 -8.4196 1.3074 24.6008 -1.5752 3.1824
Car -1 -1 1.6571 529.5034 179.2758 556.4762 201.1259 1.4698 1.5686 3.6509 -4.5077 1.0714 50.1803 1.5675 1.9873
Car -1 -1 -1.3746 580.7140 181.7236 619.5553 208.5761 1.4770 1.5533 3.6927 -0.4223 1.2861 41.4950 -1.3848 1.9756
