Car -1 -1 1.7542 400.1970 177.2057 523.5077 266.4861 1.4585 1.5969 4.1399 -2.7622 1.5563 14.0655 1.5603 13.9863
Car -1 -1 -1.6858 659.4425 172.4312 721.5974 220.8812 1.4558 1.5888 3.5941 2.4981 1.4434 23.4812 -1.5798 13.0914
Car -1 -1 1.6207 541.7406 169.8383 574.5416 198.2464 1.5173 1.6392 4.1280 -2.9071 1.3566 40.6156 1.5493 10.1510
Car -1 -1 -2.1080 813.8937 120.7977 1241.0000 374.0000 1.7549 1.6385 3.7759 2.7529 1.5346 4.9683 -1.6020 8.7829
Car -1 -1 -0.8526 0.0000 204.4109 332.7902 374.0000 1.4474 1.5624 3.9156 -2.7202 1.6658 3.0104 -1.5874 6.6514
Car -1 -1 1.6337 564.2540 169.4221 588.4438 190.0907 1.5555 1.6366 4.0660 -2.6196 1.2976 56.3471 1.5872 3.3313
Car -1 -1 1.5561 639.2562 172.2799 672.1049 202.7538 1.4576 1.5699 3.6636 2.2332 1.4305 36.3764 1.6174 2.2413
Car -1 -1 -0.3318 682.3906 159.4730 747.5843 182.3223 1.4834 1.6148 3.9829 6.9358 0.6150 48.0045 -0.1883 1.9586
Car -1 -1 -1.5990 630.9565 168.9297 652.5914 188.6147 1.4854 1.5731 3.9804 2.4304 1.1896 56.4445 -1.5559 0.2114
Car -1 -1 1.4719 662.3711 155.8727 684.5796 172.4210 1.4749 1.6296 4.1739 5.8004 -0.0408 66.5133 1.5589 0.0868
Car -1 -1 1.9967 161.7694 178.4318 357.4671 280.7292 1.5451 1.6404 4.0616 -6.1664 1.6630 13.1588 1.5585 -0.2477
Car -1 -1 1.6896 528.0958 156.2637 552.3843 174.5288 1.4690 1.5815 3.6993 -5.7834 0.1351 59.8939 1.5933 -0.5166
