Car -1 -1 -0.4376 831.8292 193.2850 1045.9959 267.1876 1.3879 1.5341 3.6949 6.5849 1.8299 14.7925 -0.0188 13.2493
Car -1 -1 -3.7979 966.7972 191.3156 1241.0000 374.0000 1.5917 1.5788 4.1284 6.0215 1.8011 7.3089 -3.1088 12.3642
Car -1 -1 3.7077 0.0000 180.6768 306.1879 302.9374 1.4695 1.5723 3.9626 -6.4122 1.5830 9.6061 3.1192 11.7104
Car -1 -1 3.5512 80.5065 189.5591 396.3007 283.3050 1.3874 1.6438 4.3622 -6.0041 1.6864 11.9541 3.0857 11.6591
Car -1 -1 -0.2191 715.5483 183.9435 830.2394 226.6859 1.5203 1.6166 3.9085 5.9643 1.9465 26.8923 -0.0008 10.7485
Car -1 -1 0.3916 258.4594 177.9775 457.7740 250.2912 1.5715 1.6098 4.0574 -5.7959 1.6972 16.7291 0.0581 10.6470
Car -1 -1 -0.3839 799.3715 184.6790 979.8557 251.9310 1.4917 1.5913 3.6651 6.4952 1.7865 17.1295 -0.0215 9.0936
Car -1 -1 -1.5804 642.1175 183.7209 671.7268 211.2589 1.4405 1.6100 3.7913 2.6222 2.0906 41.2050 -1.5168 7.1882
Car -1 -1 0.1550 436.6405 179.4049 528.6806 213.3004 1.5862 1.6352 4.1895 -6.1529 1.9118 34.9530 -0.0192 7.0647
Car -1 -1 3.3610 316.0526 172.7854 474.1853 229.4691 1.6236 1.6610 4.2859 -6.3846 1.6220 21.6371 3.0741 6.8060
Car -1 -1 1.5765 535.2597 175.0004 555.7609 195.5002 1.5748 1.5823 3.8129 -5.1811 1.7530 57.8053 1.4871 0.8495
Car -1 -1 -1.4702 570.3913 183.3062 591.8670 200.7201 1.4812 1.5759 3.8703 -2.6217 2.4624 65.7262 -1.5101 0.6448
Car -1 -1 1.4599 613.2552 187.5849 638.1196 207.5554 1.4800 1.5946 3.7821 1.2123 2.7107 58.3083 1.4807 -0.4723
Car -1 -1 -2.9643 471.1895 175.2578 542.4020 204.1120 1.6576 1.6500 3.9230 -6.0746 1.8025 42.4908 -3.1063 -0.5239
