Car -1 -1 0.6398 0.0000 188.1092 324.7671 316.5956 1.4582 1.6098 4.2887 -6.1965 1.6751 9.3215 0.0531 13.1991
Car -1 -1 -1.8392 726.5635 172.9374 901.3759 308.2438 1.6714 1.5799 3.3274 2.7404 1.6732 10.5879 -1.5859 11.6220
Car -1 -1 -1.7022 663.6189 178.3993 723.5091 225.7932 1.4579 1.5628 3.3213 2.6968 1.6576 24.2608 -1.5915 11.4503
Car -1 -1 0.4829 64.4339 175.5502 370.6232 276.9980 1.5593 1.6224 4.1895 -6.3831 1.6074 11.9581 -0.0074 9.8956
Car -1 -1 -0.1686 711.7302 173.9777 819.1648 214.8827 1.6221 1.6360 4.0819 6.2599 1.6699 29.5584 0.0401 8.8995
Car -1 -1 0.3259 301.4240 178.4060 460.1693 235.8232 1.4897 1.5594 3.8329 -6.2228 1.6479 19.6930 0.0198 8.8645
Car -1 -1 0.2941 348.0707 175.2385 486.7378 229.3244 1.5761 1.6111 3.7753 -5.8402 1.6519 21.9694 0.0343 8.5075
Car -1 -1 3.5087 202.3558 179.7327 399.5475 246.7928 1.4715 1.6404 3.9188 -7.1674 1.6414 16.8983 3.1076 7.7781
Car -1 -1 -2.7108 140.4126 155.4271 374.1871 238.3122 1.5465 1.6269 3.8392 -6.9098 1.2217 14.3101 -3.1606 3.9401
Car -1 -1 -1.7075 626.9444 176.4331 653.5596 196.6134 1.5509 1.6258 3.8667 2.3802 1.8497 58.1597 -1.6666 3.0861
Car -1 -1 1.7031 513.7098 177.2717 547.8566 202.0623 1.4583 1.6160 3.9734 -4.9443 1.7475 45.1621 1.5940 3.0281
Car -1 -1 1.7145 378.6923 158.9452 407.9876 180.3714 1.4919 1.5476 3.4540 -15.6240 0.5238 52.0591 1.4229 2.8191
Car -1 -1 1.6972 514.6151 164.3195 539.0338 182.1763 1.4762 1.5728 4.0945 -7.1010 0.7710 61.7044 1.5826 0.6886
Car -1 -1 -0.1093 673.3109 168.0245 738.7846 192.4751 1.4992 1.6241 3.8995 5.9318 1.2034 45.0922 0.0215 0.1259
Car -1 -1 1.5207 662.1302 174.2676 681.9597 190.6992 1.4917 1.6497 4.1575 5.7977 1.6294 67.9704 1.6058 -0.0359
Car -1 -1 3.4157 457.7879 169.6881 533.0674 201.3056 1.7632 1.6521 3.9556 -6.5600 1.5870 41.2855 3.2582 -0.4779
