Car -1 -1 1.3688 675.8567 178.9485 780.8218 255.4055 1.5332 1.6200 3.8869 2.5620 1.6919 16.7638 1.5205 14.1620
Car -1 -1 1.7944 395.2457 174.5828 502.8551 254.6679 1.5819 1.5689 3.6471 -3.5198 1.6254 16.1596 1.5800 12.9881
Car -1 -1 1.9708 95.9070 182.6455 415.8569 366.0627 1.4864 1.6328 4.1568 -3.5966 1.6258 8.1582 1.5556 12.3324
Car -1 -1 -1.6889 656.4238 183.2388 713.4054 227.6885 1.4126 1.5655 3.8153 2.5548 1.8113 25.7485 -1.5900 9.9109
Car -1 -1 1.7329 481.1666 172.5804 542.1363 219.6692 1.5395 1.5732 3.5364 -3.4300 1.5310 25.3770 1.5986 7.9009
Car -1 -1 1.5954 520.7227 172.7647 554.4556 206.5131 1.6307 1.6205 4.2269 -3.7031 1.6268 37.0305 1.4957 5.9404
Car -1 -1 -1.6564 634.5541 177.3654 667.7818 205.5055 1.5438 1.6098 3.7853 2.3258 1.8194 42.1121 -1.6012 4.1732
Car -1 -1 1.6233 642.9390 178.2224 679.0147 210.5990 1.5096 1.6090 4.0283 2.5841 1.7966 36.4324 1.6942 2.0394
Car -1 -1 1.7543 527.2745 158.7279 551.8351 174.5277 1.4787 1.6548 4.0143 -6.7795 0.1570 69.5956 1.6572 0.2032
Car -1 -1 0.0356 498.7973 160.4586 553.8991 183.7568 1.5951 1.6263 3.7615 -5.8333 0.7468 50.3588 -0.0797 -0.7699
