Car -1 -1 -2.2983 892.0044 192.7535 1241.0000 374.0000 1.4640 1.5928 3.8450 3.0536 1.6231 3.7940 -1.6206 10.8561
Car -1 -1 2.8170 813.8954 169.1660 923.8042 205.2087 1.3964 1.5908 3.8167 10.2199 1.2539 28.7784 3.1583 10.7223
Car -1 -1 -2.6953 206.3748 175.7131 355.5689 228.5067 1.9860 1.8597 4.9992 -12.8238 2.1021 28.2251 -3.1218 8.9230
Car -1 -1 0.7134 0.0000 206.3145 99.0341 265.1126 1.4597 1.5880 4.1402 -16.5970 2.4100 19.6618 0.0123 7.2893
Car -1 -1 -2.4887 25.2472 198.0574 150.5600 237.8127 1.4433 1.6006 3.7593 -20.3285 2.4558 28.1222 -3.1146 5.2678
Car -1 -1 1.9504 325.6330 154.1402 371.6124 177.4535 1.5742 1.6428 4.0962 -18.3652 0.3109 50.7930 1.6035 3.0580
Car -1 -1 1.2808 191.3125 185.5659 248.2925 216.9076 1.4712 1.5860 3.7200 -20.2194 2.1612 37.2628 0.7837 2.3437
Car -1 -1 -0.9532 23.2432 171.8787 87.4120 193.9074 1.4642 1.5999 3.8236 -38.3022 1.3997 49.8962 -1.6079 2.2144
Car -1 -1 1.5100 1037.0153 139.9188 1076.8563 169.0777 1.4683 1.5905 3.7970 24.0111 -0.2140 38.9106 2.0629 1.5290
Car -1 -1 -1.4479 683.1550 166.7007 713.9561 189.5408 1.4523 1.5798 3.7817 5.8839 1.0614 47.9020 -1.3257 1.3925
