Car -1 -1 -1.1678 62.4170 177.6540 451.1855 374.0000 1.6031 1.6195 3.7814 -2.7137 1.6590 6.4648 -1.5653 12.7623
Car -1 -1 1.8066 437.2480 178.6299 474.7451 202.8549 1.4726 1.5579 3.6575 -9.9288 1.8607 46.5887 1.5966 8.1329
Car -1 -1 -1.6084 593.9061 170.4331 620.9883 194.4330 1.4818 1.5979 3.6739 -0.2295 1.3327 46.4162 -1.6134 3.9270
Car -1 -1 1.8627 358.1320 174.9436 437.6629 221.4141 1.4557 1.5880 3.7611 -7.1902 1.5329 24.6560 1.5789 2.2716
Car -1 -1 1.9341 267.1402 184.2130 356.6291 233.3228 1.4773 1.5795 3.7191 -10.0318 1.8922 24.4510 1.5447 2.1586
Car -1 -1 1.4421 700.0874 164.5597 723.6690 182.5686 1.5830 1.6221 3.9114 9.1804 0.8543 65.3844 1.5815 1.7206
Car -1 -1 -0.7746 0.0000 186.5389 77.6075 245.9113 1.4775 1.6177 4.0241 -17.9420 1.9153 20.9853 -1.4820 0.6669
Car -1 -1 -0.1598 160.6459 169.1211 268.4913 208.1561 1.6061 1.6339 3.9243 -17.2825 1.4529 31.5347 -0.6611 0.6284
Car -1 -1 1.8044 402.5025 169.3117 463.5503 209.2019 1.5593 1.6237 3.8691 -7.3531 1.4212 30.1420 1.5651 0.1905
Car -1 -1 -0.9118 240.9871 158.1432 295.0953 179.3369 1.5301 1.6006 3.9311 -25.6407 0.4684 54.1813 -1.3539 -0.0349
