Car -1 -1 -1.0933 0.0000 201.6137 400.7701 374.0000 1.4713 1.5384 3.7357 -3.0799 1.7823 5.9205 -1.5730 13.7803
Car -1 -1 1.4602 632.4492 184.2088 695.3300 235.3666 1.4359 1.5687 3.8343 1.5949 1.8299 23.0623 1.5293 12.7288
Car -1 -1 1.7083 522.1564 173.9012 561.3924 206.9048 1.7940 1.7031 4.0548 -3.8964 1.8574 41.4112 1.6144 10.7710
Car -1 -1 -2.9538 421.3593 181.3957 508.2773 210.7718 1.4607 1.6309 4.1629 -7.4723 1.9114 37.1997 -3.1520 5.6943
Car -1 -1 -0.3485 845.5240 172.7822 1041.3336 242.7942 1.6010 1.5860 3.9933 7.8830 1.5997 17.4393 0.0761 5.5288
Car -1 -1 -1.6311 623.8665 172.0695 657.5808 204.8282 1.7777 1.6784 3.8919 1.6710 1.7355 41.1147 -1.5905 5.0651
Car -1 -1 -0.1122 688.2955 176.2743 777.4984 208.0649 1.4575 1.5896 4.0081 5.7261 1.6241 34.1718 0.0538 3.4609
Car -1 -1 1.6154 551.0305 178.4608 576.4834 201.2416 1.4860 1.5889 3.9548 -3.2011 1.8907 50.0362 1.5515 2.3631
Car -1 -1 -1.7393 696.5029 181.5252 751.9855 225.2599 1.6277 1.6378 3.5934 4.5413 2.0029 29.3771 -1.5859 -0.3579
Car -1 -1 -1.4877 536.6157 152.5148 560.8585 172.7689 1.5971 1.6411 4.1041 -4.9958 -0.0068 58.9620 -1.5723 -0.5703
