Car -1 -1 1.4180 684.9953 178.1417 761.8885 236.5606 1.4474 1.5402 3.7051 3.0091 1.6085 20.0662 1.5668 13.2545
Car -1 -1 1.8041 404.0471 175.0476 509.9596 254.8081 1.5206 1.4946 3.3076 -3.2221 1.5733 15.5200 1.5994 12.4940
Car -1 -1 2.0375 8.9944 173.8383 406.0760 374.0000 1.5202 1.5746 3.7908 -3.3074 1.5324 6.7573 1.5824 12.3443
Car -1 -1 1.1479 776.3035 187.1902 1241.0000 374.0000 1.4860 1.6654 4.3885 2.7234 1.6529 6.1770 1.5631 11.6829
Car -1 -1 -1.6084 652.0309 172.8069 684.4211 202.3374 1.5719 1.6559 3.6871 3.1734 1.5697 40.2802 -1.5298 9.0644
Car -1 -1 1.7281 473.5212 172.8831 544.1056 225.5273 1.5130 1.6048 3.8863 -3.1348 1.5143 22.6949 1.5908 7.6654
Car -1 -1 -1.6538 638.1185 156.8511 671.1266 188.5289 2.1858 1.9451 5.3898 3.1581 1.0820 52.5012 -1.5937 5.6315
Car -1 -1 -2.9001 442.7655 155.9682 516.6979 180.7189 1.4898 1.6572 4.2026 -8.0117 0.4738 44.3886 -3.0786 1.0882
Car -1 -1 1.5959 562.5547 172.3133 583.6083 191.3643 1.4712 1.5868 3.8152 -2.9461 1.4298 57.6448 1.5448 0.8123
Car -1 -1 4.1291 0.0000 198.9405 140.0453 374.0000 1.4627 1.5726 3.8609 -4.1350 1.5842 2.4792 3.0985 0.6078
Car -1 -1 -1.5924 648.7079 170.9808 675.3802 197.1761 1.5858 1.5910 4.0222 3.2285 1.4727 45.7239 -1.5219 0.0685
