Car -1 -1 -1.7915 659.7837 166.3050 750.1936 230.3593 1.6062 1.6589 3.8796 2.4832 1.4423 20.1015 -1.6686 13.1864
Car -1 -1 -1.8813 735.1337 177.3848 1023.9292 369.5003 1.4779 1.5793 3.8208 2.3853 1.5377 7.5521 -1.5754 12.5358
Car -1 -1 -2.4745 0.0000 191.8219 188.1530 293.9908 1.4533 1.5771 3.5949 -8.9448 1.7727 11.3437 -3.1422 10.7995
Car -1 -1 -1.4892 475.1557 169.6618 544.7266 232.6556 1.6765 1.6992 4.0743 -2.8980 1.5919 21.2802 -1.6246 10.4544
Car -1 -1 -1.6762 649.3340 173.1940 705.0468 219.3475 1.5428 1.5908 3.8482 2.3114 1.5563 26.0822 -1.5878 7.3536
Car -1 -1 -1.4562 527.1572 174.8308 567.9713 207.9803 1.5185 1.5820 3.5455 -3.0228 1.6199 35.0583 -1.5422 4.3274
Car -1 -1 -1.6539 639.4609 164.1448 679.6101 202.8070 1.8575 1.7092 3.8136 2.4216 1.4394 36.5831 -1.5878 4.1280
Car -1 -1 -1.5068 496.1148 171.9936 548.9612 222.7497 1.7034 1.6615 3.7777 -3.1426 1.6749 26.1448 -1.6264 3.8490
Car -1 -1 -1.6546 631.7547 169.2211 662.5308 196.0847 1.6930 1.6824 4.0556 2.3732 1.4644 47.5259 -1.6047 1.4656
Car -1 -1 -1.6346 629.5728 166.8128 655.4997 189.0733 1.5642 1.6340 3.9925 2.3137 1.1400 52.7097 -1.5907 -0.3125
Car -1 -1 -1.5453 564.6412 172.3719 583.6531 189.7499 1.4530 1.5481 3.4712 -3.0837 1.4131 62.0807 -1.5950 -0.5792
