Car -1 -1 -1.7286 690.2717 181.8097 780.2645 249.8085 1.4334 1.5748 3.5604 2.8715 1.6727 17.4612 -1.5656 13.4344
Car -1 -1 -0.2108 751.2683 174.1782 889.3155 229.0305 1.6415 1.5893 3.8926 6.4410 1.6850 22.5585 0.0673 11.8263
Car -1 -1 0.3844 295.2693 176.3354 477.2394 237.3772 1.5935 1.6898 4.5112 -6.1638 1.6953 19.9849 0.0852 11.6566
Car -1 -1 0.3747 220.4790 180.3108 446.6639 259.3636 1.5506 1.6114 4.1304 -5.7296 1.7161 15.1394 0.0129 11.4587
Car -1 -1 3.6771 0.0000 188.5390 282.2387 305.0894 1.4495 1.6117 3.6579 -6.8481 1.6900 10.1288 3.0826 10.0534
Car -1 -1 0.4588 147.2158 182.2590 394.1793 271.8366 1.4813 1.5469 3.7016 -6.0029 1.6607 12.9176 0.0238 9.8931
Car -1 -1 -2.2827 881.8343 175.3437 1241.0000 374.0000 1.5211 1.5096 3.5565 2.8175 1.5403 3.6390 -1.6239 9.4379
Car -1 -1 3.8353 0.0000 150.9624 187.8052 356.9770 1.8725 1.6748 3.7178 -6.7867 1.6739 7.4732 3.0980 8.7924
Car -1 -1 0.4309 264.5830 178.0349 443.4715 243.7097 1.5035 1.5518 3.8174 -6.2237 1.6371 17.6115 0.0912 7.6759
Car -1 -1 3.3697 358.7643 179.9284 487.2937 225.6772 1.5006 1.5976 4.0154 -6.3896 1.7522 24.7738 3.1173 5.3450
Car -1 -1 -1.6690 634.7261 179.3583 662.2177 200.9552 1.4426 1.5893 3.6684 2.6666 1.9212 51.1868 -1.6169 5.0466
Car -1 -1 -2.8714 388.6453 176.8620 499.7803 219.6554 1.5607 1.6268 3.8150 -6.2783 1.7181 27.3777 -3.0969 4.4997
Car -1 -1 1.8588 345.4117 156.1335 389.6430 182.2234 1.5726 1.6052 3.8834 -15.2485 0.5651 45.4571 1.5351 3.8003
Car -1 -1 2.0798 330.3899 152.9927 380.0596 174.5300 1.4977 1.6378 4.0332 -18.4322 0.1169 52.2995 1.7409 -0.7698
