Car -1 -1 -2.6087 925.1257 184.8064 1223.2352 305.8993 1.4336 1.5411 3.4344 6.6496 1.6439 10.7887 -2.0563 12.5063
Car -1 -1 -1.7875 662.4406 184.4526 734.0424 234.4413 1.4303 1.5662 3.4694 2.7206 1.8340 23.2846 -1.6712 11.7780
Car -1 -1 -2.8202 275.7688 191.4392 449.8525 251.0272 1.4656 1.6136 4.0526 -6.4851 1.9785 19.0750 -3.1479 11.1366
Car -1 -1 3.5649 130.9770 191.7713 372.0791 275.6143 1.4991 1.6160 3.9234 -6.9434 1.8937 14.1631 3.1091 10.1556
Car -1 -1 -2.4038 0.0000 153.0620 254.6126 374.0000 1.9007 1.7653 4.1074 -5.9264 1.7381 6.8739 -3.1153 9.9257
Car -1 -1 3.6290 58.2808 189.2464 332.0039 295.7567 1.5827 1.6155 3.5543 -6.6986 1.8715 11.8388 3.1141 9.0419
Car -1 -1 -1.6872 638.2139 181.1907 683.1072 216.7279 1.4738 1.5891 3.8188 2.2038 1.8754 32.7796 -1.6200 8.9164
Car -1 -1 -2.8509 369.1271 187.6041 481.7861 231.1119 1.4777 1.5655 3.6284 -6.6238 2.0259 25.9394 -3.1009 6.6227
Car -1 -1 -1.6216 635.0314 180.3727 664.9535 207.9655 1.5734 1.6265 3.7808 2.3704 2.0527 44.0651 -1.5679 1.8624
Car -1 -1 1.7504 514.6542 180.8127 548.8667 205.5145 1.6004 1.6372 4.2743 -5.4395 2.1803 50.3464 1.6428 1.2445
Car -1 -1 3.2778 453.7044 175.3711 526.1708 203.4006 1.5766 1.6493 3.9370 -6.9163 1.7252 41.6207 3.1131 0.9105
Car -1 -1 -3.1777 681.4195 172.6601 738.2765 194.4279 1.6242 1.6787 4.2214 7.5280 1.6101 54.8799 -3.0414 0.8844
