Car -1 -1 1.7331 426.8317 191.0477 501.2085 251.4946 1.5482 1.5819 3.7750 -4.3072 2.1401 21.5434 1.5358 15.3274
Car -1 -1 -1.9331 752.2104 192.7845 969.7190 348.8788 1.5730 1.5588 3.1832 2.9545 1.8759 9.3175 -1.6260 12.5890
Car -1 -1 -1.8001 682.2676 189.2818 787.1899 271.5622 1.5591 1.5624 3.2846 2.6074 1.9632 16.0368 -1.6389 11.2040
Car -1 -1 -1.7441 647.5360 188.9286 727.4176 252.4379 1.5618 1.6188 3.8049 2.0728 2.0667 20.6881 -1.6443 11.0857
Car -1 -1 2.1040 0.0000 205.6647 340.8152 374.0000 1.5083 1.5781 3.7823 -3.4783 1.8397 5.3537 1.5278 10.8224
Car -1 -1 -2.1616 873.6878 213.8535 1241.0000 374.0000 1.3981 1.5661 3.7256 2.9642 1.7498 4.3076 -1.5589 10.6523
Car -1 -1 -1.7155 631.7822 189.5568 691.5827 236.8354 1.5005 1.5948 4.1068 1.7722 2.1632 26.4972 -1.6487 8.4288
Car -1 -1 1.7089 458.8925 192.7910 514.3030 237.8618 1.4885 1.5766 3.6837 -4.6481 2.2960 27.3415 1.5405 6.0795
Car -1 -1 -1.6785 629.0550 188.2992 675.6732 228.4360 1.6145 1.6681 4.0388 1.8145 2.3582 32.6661 -1.6230 4.0772
Car -1 -1 -1.5602 607.4039 191.8079 627.1492 211.3337 1.4623 1.5788 3.7184 0.5953 3.0763 59.5498 -1.5502 -0.4212
