Car -1 -1 -1.6867 650.7534 182.3314 711.9943 228.5663 1.3901 1.6096 3.8327 2.2901 1.7366 24.4172 -1.5931 13.1318
Car -1 -1 0.3522 248.6580 181.4663 453.0062 245.8122 1.5176 1.6425 4.5340 -6.4330 1.7439 18.0858 0.0104 12.9258
Car -1 -1 -0.5455 865.7456 179.7895 1207.7359 299.3242 1.4871 1.5571 3.7943 5.6327 1.5907 9.9024 -0.0283 12.3847
Car -1 -1 3.7227 0.0000 194.7651 308.2648 313.5848 1.4364 1.5888 3.9228 -6.4500 1.7589 9.8089 3.1410 10.9057
Car -1 -1 3.8423 0.0000 196.2458 208.3710 366.0367 1.4358 1.6401 4.1558 -6.6386 1.7006 7.2513 3.1010 9.4737
Car -1 -1 1.6325 551.3244 178.1642 578.7561 201.4742 1.4769 1.6067 3.9011 -3.0187 1.8490 48.5536 1.5704 4.7883
Car -1 -1 3.6095 16.8581 191.1676 335.6379 289.5125 1.4579 1.6398 4.2713 -7.0591 1.7872 12.0032 3.0779 4.1823
Car -1 -1 -1.6725 640.6141 180.9823 684.0340 215.4073 1.4636 1.6143 3.9090 2.3386 1.8647 33.5885 -1.6030 4.1350
Car -1 -1 0.0053 500.6373 177.6088 548.6363 197.5416 1.4902 1.5759 3.6085 -6.5701 1.8622 55.3983 -0.1127 2.7218
Car -1 -1 -1.6474 626.0036 173.9159 651.8355 196.3988 1.5590 1.5870 3.5558 2.0252 1.6386 52.0076 -1.6085 2.3434
Car -1 -1 -2.8711 358.9720 172.6968 494.3335 223.0583 1.7072 1.7164 4.3107 -6.4143 1.7022 25.3638 -3.1188 -0.3570
