Car -1 -1 1.9662 237.0158 193.5400 406.5053 281.9992 1.4348 1.6531 4.4256 -5.7789 1.9288 14.9802 1.5980 14.0661
Car -1 -1 -1.9353 768.6329 177.2204 1028.2361 335.0979 1.5441 1.6332 3.9763 3.2591 1.6122 9.1717 -1.5938 12.6646
Car -1 -1 -1.7765 718.9723 178.3260 841.8416 270.1993 1.5784 1.6089 3.8617 3.2243 1.7039 14.5648 -1.5586 11.5347
Car -1 -1 2.2292 0.0000 209.0607 221.9272 374.0000 1.4214 1.6150 4.1078 -5.9522 1.8997 7.4551 1.5554 11.2175
Car -1 -1 1.3793 680.3050 184.2564 744.4576 230.5258 1.4005 1.5125 3.4209 3.3506 1.8149 24.4492 1.5155 11.0850
Car -1 -1 2.4863 1006.5898 152.5873 1241.0000 258.3791 1.4724 1.5821 3.9712 8.3222 1.1907 10.8307 3.1415 10.6530
Car -1 -1 1.8436 363.6672 189.5223 452.8008 250.7539 1.5380 1.5668 3.6114 -5.7844 2.0633 20.9130 1.5737 10.0539
Car -1 -1 1.8630 442.6277 186.2478 508.4020 225.3003 1.4301 1.5968 3.9879 -5.5303 2.0241 29.9087 1.6802 9.0833
Car -1 -1 1.6719 460.0606 169.7098 486.6876 190.2851 1.4481 1.5520 3.6386 -9.9648 1.2272 52.6597 1.4849 5.5902
Car -1 -1 -1.7060 650.7228 180.5124 689.6928 211.5263 1.5489 1.5932 3.7447 3.1599 1.9823 38.8894 -1.6249 5.4469
Car -1 -1 1.6544 505.8108 182.7727 537.8271 208.4382 1.4819 1.6657 4.0211 -5.5206 2.1328 45.2763 1.5331 4.0831
Car -1 -1 -1.7457 663.9896 178.8857 721.2627 222.2531 1.6591 1.6689 4.2124 3.3541 1.9313 30.3573 -1.6356 3.4126
Car -1 -1 1.4043 740.7246 168.0280 767.7174 187.8800 1.5922 1.5959 3.6951 11.8825 1.2055 59.7371 1.6007 1.3214
Car -1 -1 -0.7759 680.9086 165.3371 735.6733 187.0345 1.4771 1.6036 3.7901 6.9230 0.9657 50.8928 -0.6407 -0.7339
