Car -1 -1 -1.2092 259.0399 184.0813 416.8127 272.1691 1.5053 1.6098 3.9498 -5.1892 1.4870 14.2654 -1.5580 13.8359
Car -1 -1 -0.9776 0.0000 202.7188 297.4630 375.0000 1.4150 1.5235 3.7836 -4.3446 1.6162 6.3151 -1.5802 12.5040
Car -1 -1 -1.5761 574.8769 175.7924 613.5649 212.6170 1.5593 1.6391 3.5759 -0.6549 1.1614 32.2433 -1.5964 10.6902
Car -1 -1 -1.0255 58.5432 187.2171 248.2589 269.4703 1.4143 1.5381 3.5493 -8.8071 1.4600 14.2251 -1.5798 10.1771
Car -1 -1 -1.3081 363.7557 183.1540 424.5801 219.0495 1.4154 1.5390 3.7110 -8.9357 1.3352 30.2152 -1.5957 9.1392
Car -1 -1 -1.1208 192.6245 183.0561 300.7833 231.3680 1.4802 1.6321 4.0388 -11.9698 1.4152 24.0503 -1.5826 8.8410
Car -1 -1 -1.3983 445.7209 151.5015 523.0415 224.2736 2.4334 1.9656 5.0583 -4.4639 1.3072 26.5686 -1.5648 6.4258
Car -1 -1 -1.4315 418.8275 153.9852 501.9143 232.2624 2.1752 1.8746 4.8149 -4.4999 1.3085 22.4306 -1.6295 4.9406
Car -1 -1 -1.2357 300.5880 172.7934 391.6365 228.0361 1.6484 1.6228 3.7700 -8.4181 1.2788 23.3398 -1.5819 4.9188
Car -1 -1 2.1429 33.1494 182.6319 110.4775 210.9546 1.4990 1.5989 3.8948 -29.7758 1.3634 40.0400 1.5035 3.5163
Car -1 -1 -1.3852 498.9859 176.3156 537.5400 203.0495 1.4724 1.5600 3.6579 -5.1419 0.9833 41.4609 -1.5086 1.2780
Car -1 -1 1.8507 385.0168 164.6910 415.5079 182.1391 1.4623 1.5837 3.7579 -18.0941 -0.2756 62.7837 1.5701 0.7301
Car -1 -1 1.6556 515.5542 176.7003 542.4573 198.3084 1.5342 1.6357 4.1081 -5.7979 0.9307 53.1083 1.5468 -0.5983
