Car -1 -1 -2.0520 805.9377 205.3321 1241.0000 374.0000 1.4224 1.5780 3.7484 2.8698 1.7709 5.8404 -1.5953 14.9356
Car -1 -1 -1.3859 395.5824 191.3190 518.7000 291.1721 1.5116 1.5704 3.7249 -2.7498 1.9052 13.4887 -1.5870 13.3980
Car -1 -1 -1.8697 713.3508 188.8391 889.5866 310.2970 1.4802 1.5754 3.5577 2.6810 1.7669 11.0951 -1.6326 13.3790
Car -1 -1 1.6707 495.6614 182.2137 557.7027 232.5611 1.5037 1.6647 4.3773 -2.7872 1.8513 24.5647 1.5577 11.9661
Car -1 -1 -1.7858 688.3995 170.1315 805.8218 269.0537 1.8937 1.7002 3.8123 2.7906 1.8419 15.7481 -1.6104 10.1001
Car -1 -1 -1.6590 645.4469 180.5789 686.2505 215.1791 1.5100 1.6044 3.5348 2.5476 1.8940 34.0573 -1.5843 9.9196
Car -1 -1 1.6146 558.9773 179.5986 583.6777 201.4474 1.4515 1.5816 3.7722 -2.7296 1.9462 50.9943 1.5611 9.0194
Car -1 -1 1.7064 514.8510 164.2164 543.7040 185.9714 1.5551 1.6144 3.9224 -5.9801 0.9380 53.5548 1.5952 2.6415
Car -1 -1 -0.2940 767.4600 136.9597 894.2066 182.1325 1.4539 1.5700 3.7357 7.2346 0.2990 24.0075 -0.0013 1.7802
Car -1 -1 1.6799 509.8249 170.6151 539.7932 192.8852 1.4689 1.6236 3.9774 -5.8428 1.3216 49.5842 1.5626 0.6521
Car -1 -1 1.6074 575.3433 179.2358 594.5662 196.5442 1.5174 1.6312 4.1852 -2.3131 2.1279 66.8917 1.5728 0.6294
Car -1 -1 1.4848 633.6140 180.3024 663.3561 204.6777 1.4891 1.6008 4.0368 2.4549 1.9997 47.3720 1.5365 0.3022
Car -1 -1 2.2900 668.4301 166.0940 715.1071 184.8745 1.4795 1.6080 3.8972 6.6570 0.9473 58.7460 2.4029 -0.1422
