Car -1 -1 -1.6950 670.0170 180.9429 736.6740 233.2630 1.4551 1.6014 3.5776 2.7705 1.7268 22.4076 -1.5720 14.3327
Car -1 -1 -1.9166 745.6424 178.3963 979.9957 347.4902 1.6227 1.5726 3.2500 2.7315 1.7025 8.6859 -1.6120 11.8055
Car -1 -1 0.7033 0.0000 187.1091 264.5919 355.1199 1.4764 1.6018 4.2966 -6.0787 1.6371 7.2964 0.0087 11.7584
Car -1 -1 0.5257 0.0000 183.4714 337.1166 305.9513 1.5016 1.6512 4.3252 -6.2748 1.6612 9.9098 -0.0388 11.1514
Car -1 -1 -0.1531 720.6240 175.9769 836.8728 221.5709 1.6706 1.6363 4.1128 6.3187 1.7943 27.5312 0.0725 10.2718
Car -1 -1 0.3327 313.0492 178.8772 482.2369 237.4837 1.5355 1.6056 4.2040 -5.8496 1.7103 19.9902 0.0481 10.1808
Car -1 -1 0.3659 274.6099 182.6638 446.5755 244.7288 1.4343 1.5250 3.7010 -6.1055 1.6874 17.7594 0.0348 9.7037
Car -1 -1 3.5790 150.5258 185.9607 369.3624 263.3825 1.4900 1.6280 3.7592 -7.2023 1.7780 14.9986 3.1313 9.0480
Car -1 -1 3.5929 69.2380 158.2101 349.6094 256.5528 1.5648 1.6220 3.8925 -6.7522 1.3322 12.3816 3.0936 7.7210
Car -1 -1 0.3117 360.4763 176.8819 500.3720 225.9212 1.6103 1.6918 4.3676 -6.1620 1.7549 24.8473 0.0687 6.8617
Car -1 -1 -1.6216 631.4570 178.7686 654.5525 198.2003 1.4279 1.5970 3.7744 2.5088 1.9033 56.0610 -1.5769 5.8160
Car -1 -1 0.3836 354.1228 177.7037 482.6095 229.3691 1.5261 1.5250 3.5560 -5.9668 1.6840 22.4697 0.1241 2.3651
Car -1 -1 1.8768 368.3285 160.4701 409.6750 182.5535 1.4793 1.6164 4.0452 -15.3971 0.6501 50.3607 1.5801 1.1158
Car -1 -1 -2.2407 490.2655 179.2327 551.8524 205.8042 1.4744 1.6030 3.8181 -5.3500 1.8706 42.8610 -2.3648 -0.5399
