Car -1 -1 0.4212 167.6524 180.6431 416.9155 266.1829 1.5854 1.6361 4.2474 -6.2410 1.7500 14.3661 0.0114 13.6521
Car -1 -1 -1.7091 664.6220 182.7549 738.3173 237.3257 1.3650 1.5670 3.6825 2.4680 1.6732 20.5744 -1.5897 13.3744
Car -1 -1 3.8004 0.0000 199.5144 237.3990 345.5993 1.4237 1.6517 4.2462 -6.8781 1.7626 8.2589 3.1059 9.4244
Car -1 -1 -0.7858 1012.2123 190.5655 1241.0000 374.0000 1.4696 1.5667 3.4195 5.4687 1.6407 6.0786 -0.0531 9.4064
Car -1 -1 3.9359 0.0000 199.1316 166.1868 374.0000 1.4509 1.6487 4.3290 -6.4732 1.7043 6.0694 3.1183 8.3788
Car -1 -1 1.6426 552.5491 176.7753 582.0107 201.4076 1.4497 1.5730 3.6598 -2.6531 1.7040 44.8879 1.5836 8.3259
Car -1 -1 -1.6880 652.3525 178.8774 702.9847 217.2352 1.4525 1.6206 4.0117 2.7011 1.7201 29.9830 -1.5982 7.7068
Car -1 -1 0.3238 316.8987 170.9502 477.6925 228.3617 1.6492 1.6969 4.3144 -6.3462 1.5949 21.6556 0.0387 6.9759
Car -1 -1 -1.6500 635.0766 174.0894 663.6338 199.1170 1.6101 1.6190 3.7306 2.5782 1.6967 48.4888 -1.5969 5.7433
Car -1 -1 0.2585 393.4729 179.0049 511.5568 221.9940 1.5395 1.6267 4.0358 -5.8771 1.7777 26.9965 0.0441 5.4016
Car -1 -1 -0.0048 498.8191 176.7719 550.0068 197.7590 1.4637 1.5413 3.5870 -6.1548 1.7500 51.6738 -0.1234 2.7420
