Car -1 -1 -1.9559 752.7819 190.8337 1060.4057 374.0000 1.4096 1.5751 3.7039 2.6785 1.6461 7.5883 -1.6165 14.1079
Car -1 -1 -1.3310 302.8054 187.5881 492.4148 331.4251 1.5170 1.5830 3.8284 -2.7259 1.7599 9.9392 -1.5987 13.8690
Car -1 -1 1.6917 475.1415 176.8222 550.0315 237.2574 1.5551 1.6472 4.2623 -2.7694 1.6827 20.9842 1.5605 13.8019
Car -1 -1 -1.6627 649.5174 174.3564 694.7573 211.4793 1.4735 1.5850 3.4308 2.5321 1.5410 30.4999 -1.5799 12.2256
Car -1 -1 -1.8411 710.2256 162.8216 873.3225 291.5821 1.8205 1.6694 3.6370 2.7832 1.6791 12.0521 -1.6142 11.2832
Car -1 -1 1.6385 554.8171 172.6885 583.9457 196.3741 1.4967 1.6418 4.2437 -2.6748 1.4866 47.7230 1.5825 8.8034
Car -1 -1 -2.4557 942.1347 194.8520 1241.0000 374.0000 1.4987 1.5430 3.7476 2.7370 1.6303 2.4046 -1.6057 8.5818
Car -1 -1 1.7189 534.3842 170.9426 559.3501 189.2058 1.5368 1.6098 3.8672 -5.4748 1.3764 62.6936 1.6318 2.9249
Car -1 -1 1.6025 571.1703 172.7017 590.9833 190.7023 1.5250 1.6104 3.8752 -2.5230 1.5125 63.0710 1.5626 1.8624
Car -1 -1 3.3865 290.4905 186.8017 476.1611 254.9545 1.4640 1.5645 3.8470 -5.1979 1.8053 16.7490 3.0856 1.5405
