Car -1 -1 -1.3417 361.0092 183.5345 502.8649 278.2070 1.4241 1.6235 4.1295 -3.1520 1.6532 13.3836 -1.5730 15.5785
Car -1 -1 -1.7805 703.3899 173.6827 841.6444 271.4752 1.5253 1.6306 3.9492 2.7477 1.5432 13.2641 -1.5763 14.1946
Car -1 -1 1.8898 202.2988 191.3834 458.3319 367.8188 1.4115 1.5209 3.4797 -2.8047 1.6597 7.8947 1.5485 12.8184
Car -1 -1 -1.7518 678.8678 174.3800 771.3083 240.1779 1.5179 1.6432 4.0177 2.8191 1.5622 18.7704 -1.6027 10.2711
Car -1 -1 -1.4961 503.0291 171.8880 554.6008 217.6029 1.5372 1.5873 3.6236 -2.9150 1.5050 26.0986 -1.6073 9.0042
Car -1 -1 -1.7630 657.0630 172.0990 728.1710 221.8097 1.5094 1.6148 3.8315 2.5989 1.4868 23.8826 -1.6546 8.6783
Car -1 -1 -1.7017 652.4218 162.6716 708.6760 210.1118 1.7386 1.6898 3.9386 2.6630 1.3658 28.4394 -1.6083 7.8819
Car -1 -1 1.4575 630.2138 164.4536 662.0475 191.0873 1.6576 1.6252 3.9352 2.2763 1.1352 46.9207 1.5060 5.9842
Car -1 -1 1.6255 536.1656 168.4226 571.5503 200.9749 1.5836 1.5995 4.0035 -2.8759 1.3684 37.1174 1.5482 5.6297
Car -1 -1 3.8901 0.0000 129.2456 100.1797 170.1271 1.5460 1.5974 3.6545 -22.4209 -0.1104 28.3504 3.2209 2.1664
