Car -1 -1 2.0643 196.4733 190.1096 397.2517 285.6966 1.4011 1.6228 4.1862 -5.6401 1.7765 13.5166 1.6690 13.4819
Car -1 -1 1.1301 805.7141 180.4735 1103.2583 356.0535 1.4678 1.5076 3.5002 3.3923 1.5710 7.9606 1.5329 13.4479
Car -1 -1 -1.7379 678.6242 173.5141 749.5276 226.0061 1.4930 1.5864 3.5473 3.0938 1.5155 22.3617 -1.6005 12.4770
Car -1 -1 -1.8574 720.6437 177.5834 867.4509 272.7625 1.5195 1.6176 3.8561 3.2472 1.6224 13.6802 -1.6243 11.5324
Car -1 -1 1.7948 435.0987 175.8256 495.0993 217.9090 1.5423 1.5763 3.5293 -5.6896 1.6673 28.4781 1.5976 9.1673
Car -1 -1 -1.7655 665.2468 173.8875 724.0926 216.0979 1.5061 1.5594 3.6115 3.1368 1.5489 27.6979 -1.6527 5.8613
Car -1 -1 -1.7095 767.6364 160.0749 790.8426 175.9711 1.4640 1.6179 3.8794 16.0061 0.2874 68.4521 -1.4798 2.3294
Car -1 -1 1.7224 463.0027 178.6511 510.4711 212.8581 1.4775 1.6180 3.9268 -5.7506 1.7654 33.8101 1.5539 1.6696
Car -1 -1 -1.2398 351.6951 182.2371 418.6340 219.7418 1.4915 1.6082 3.9508 -9.8260 1.9300 31.6909 -1.5404 -0.1787
Car -1 -1 -2.8610 630.3740 174.8198 680.0916 192.5034 1.4886 1.6275 4.0042 3.8995 1.6632 62.4955 -2.7987 -0.4054
