Car -1 -1 -1.8052 754.5596 185.5382 881.5232 272.2327 1.5016 1.6187 4.0055 4.1302 1.8034 15.1160 -1.5385 12.5250
Car -1 -1 -1.9755 817.0884 153.8370 1150.3336 363.0663 1.8843 1.7825 4.5146 3.9639 1.7134 8.7697 -1.5510 10.7242
Car -1 -1 -1.8077 722.6055 179.5968 807.6516 240.5483 1.5805 1.5922 3.5794 4.3478 1.7933 20.9222 -1.6028 10.6061
Car -1 -1 2.3378 0.0000 203.8281 192.9893 374.0000 1.5144 1.5906 3.9471 -4.6207 1.7977 4.6007 1.5502 9.1978
Car -1 -1 -1.7027 708.8792 181.0166 767.7663 227.4486 1.5102 1.5819 3.9047 4.5252 1.8287 26.1434 -1.5313 8.6179
Car -1 -1 1.7514 497.2548 182.1357 552.3349 220.3520 1.4943 1.6567 4.1568 -3.6684 1.9256 31.3710 1.6350 7.4156
Car -1 -1 -1.6787 699.5216 178.6656 745.9236 216.5960 1.5315 1.6017 3.7454 4.8386 1.8019 31.6210 -1.5269 6.3116
Car -1 -1 1.6662 578.5705 179.4125 602.9341 198.9191 1.4850 1.6035 3.9177 -1.5472 2.0335 58.2886 1.6397 4.5939
Car -1 -1 1.7053 526.8114 181.0590 568.3015 213.3746 1.5310 1.6135 3.9929 -3.2046 1.9781 37.2472 1.6195 4.2822
Car -1 -1 -1.6753 689.9180 181.6860 730.5822 213.6301 1.4797 1.6247 3.9392 4.9802 1.9515 36.5163 -1.5397 2.4901
Car -1 -1 2.0123 488.2758 172.7414 536.0512 195.6636 1.4859 1.6379 4.0520 -6.6117 1.4789 48.9483 1.8781 1.0443
Car -1 -1 1.7980 437.1204 167.8802 473.7105 190.6298 1.5010 1.6032 3.9922 -10.6089 1.1732 49.6119 1.5873 0.6359
Car -1 -1 1.7115 444.9707 159.4033 470.3437 179.0165 1.6675 1.6619 3.8067 -13.3512 0.5243 63.2946 1.5037 0.3610
Car -1 -1 -1.8809 844.7174 175.6288 879.9842 194.9627 1.4755 1.5637 3.8010 20.0511 1.7045 57.5334 -1.5455 -0.0276
