Car -1 -1 -1.8481 830.3501 169.5368 960.7574 253.6106 1.6083 1.6251 3.8197 6.0149 1.5452 15.7731 -1.4838 12.8346
Car -1 -1 -2.3008 0.0000 198.2120 233.7329 344.4844 1.5681 1.5482 3.4873 -6.9389 1.9309 9.2107 -2.9464 11.3785
Car -1 -1 -1.4871 605.6114 178.2258 683.1421 252.2401 1.5996 1.6004 3.7479 0.8952 1.7474 17.8402 -1.4370 10.9504
Car -1 -1 -2.1726 1018.0378 173.2022 1241.0000 374.0000 1.6066 1.6045 3.8798 3.5827 1.6097 3.6015 -1.3898 9.7972
Car -1 -1 -1.7049 807.1651 175.7714 883.4159 236.1169 1.6392 1.6470 4.0920 7.0025 1.7371 21.9632 -1.3962 7.3722
Car -1 -1 -1.4475 662.2594 180.7750 708.0917 218.1422 1.4915 1.5677 3.5446 3.2916 1.8587 31.5073 -1.3434 4.4589
Car -1 -1 -1.6880 787.6862 168.0064 837.9632 213.0095 1.8760 1.6924 3.9512 8.9275 1.6743 32.1573 -1.4172 2.4887
Car -1 -1 -1.9129 495.9457 173.4079 538.3541 196.6715 1.4528 1.5798 3.7446 -6.1412 1.4909 47.1804 -2.0424 2.3884
Car -1 -1 -1.1677 450.7106 179.6246 489.4013 199.0014 1.4869 1.6290 4.1101 -11.4315 2.0620 59.0686 -1.3589 0.6765
Car -1 -1 1.4906 689.5144 167.4245 716.3205 188.8723 1.4729 1.5910 3.7980 6.5659 1.1004 51.4831 1.6174 0.6421
Car -1 -1 -1.4005 664.3133 179.8620 710.9446 214.7678 1.5573 1.6074 4.0001 3.8034 1.9204 35.1934 -1.2929 0.4898
Car -1 -1 -2.9775 617.3790 163.0178 677.6596 185.6322 1.5082 1.6247 3.9035 2.5511 0.8525 49.3281 -2.9258 0.0806
Car -1 -1 -1.7732 772.5589 169.8900 816.2730 202.4840 1.8322 1.7093 4.0686 10.7995 1.6660 42.6287 -1.5251 -0.8048
