Car -1 -1 -1.8523 737.4273 182.4018 923.9837 307.8269 1.4690 1.5835 3.6394 2.9413 1.6332 10.5535 -1.5805 13.8692
Car -1 -1 -1.7087 669.4197 175.3684 737.8839 227.7839 1.5030 1.6209 3.7302 2.8186 1.5892 22.7444 -1.5854 12.3697
Car -1 -1 -2.6853 126.1319 170.5414 398.4040 263.0393 1.6268 1.6611 4.3191 -6.4299 1.5865 13.5463 -3.1285 11.9301
Car -1 -1 -2.1067 841.0019 196.9192 1241.0000 374.0000 1.4393 1.5176 3.3851 2.9102 1.6673 5.1150 -1.5894 11.1458
Car -1 -1 0.4245 311.6531 172.2410 470.8317 228.3876 1.5731 1.6152 4.2034 -6.4436 1.5563 21.2877 0.1306 10.0263
Car -1 -1 -2.8970 372.8479 162.1083 498.0450 216.7047 1.9146 1.7264 4.1206 -6.3046 1.5381 26.1802 -3.1333 8.6400
Car -1 -1 -1.6593 649.0813 169.4265 691.9989 208.1598 1.7028 1.6474 3.8572 2.7273 1.5524 33.6519 -1.5785 8.0696
Car -1 -1 0.7284 0.0000 153.5762 236.1692 374.0000 1.7439 1.6868 4.1419 -5.9688 1.5918 6.5665 -0.0094 7.9819
Car -1 -1 0.5630 34.1907 176.6475 350.7265 289.0193 1.5643 1.6041 3.9313 -6.2593 1.6271 10.9918 0.0454 7.7011
Car -1 -1 3.7550 0.0000 151.1900 268.9140 296.2377 1.6047 1.5872 3.7495 -6.4716 1.3653 8.8107 3.1215 4.6215
Car -1 -1 -1.7450 758.5494 156.8225 786.2961 174.6349 1.4482 1.6146 3.9211 13.5932 0.1451 60.6546 -1.5246 3.5881
Car -1 -1 -1.6673 637.6111 170.7646 667.7538 196.1735 1.6587 1.6661 3.9646 2.8348 1.5226 49.1114 -1.6097 2.4793
Car -1 -1 1.8613 484.0663 171.3423 532.0736 202.0542 1.7447 1.7113 4.2116 -6.0713 1.6592 43.1979 1.7217 -0.2570
