Car -1 -1 -1.6965 631.6869 177.9632 678.3141 212.5648 1.4966 1.6670 4.1733 2.0145 1.7527 33.9751 -1.6373 10.7246
Car -1 -1 3.5016 134.9184 179.9162 379.5640 267.1631 1.5899 1.6423 4.0383 -6.8763 1.7400 14.3028 3.0535 10.7172
Car -1 -1 -0.6852 986.2192 185.1902 1241.0000 351.2664 1.5169 1.5924 3.7854 6.1696 1.6593 7.5077 0.0027 10.7036
Car -1 -1 3.7693 0.0000 182.7766 296.7611 314.0615 1.6056 1.6324 3.9878 -6.6691 1.7533 9.8335 3.1734 10.2885
Car -1 -1 2.7386 780.7008 177.4656 999.3970 258.2651 1.6242 1.6110 4.0733 5.8547 1.7293 15.4927 3.0999 10.1563
Car -1 -1 -0.4927 881.2412 184.8725 1187.0028 296.3833 1.4603 1.5575 3.4989 5.9119 1.6483 10.4406 0.0225 10.0057
Car -1 -1 -0.3611 738.9274 185.1057 929.8598 245.1124 1.4204 1.6270 4.3618 5.5935 1.7499 18.4233 -0.0663 9.9470
Car -1 -1 3.8154 0.0000 197.1679 211.2988 371.7700 1.4688 1.5932 4.1081 -6.5722 1.7447 7.2484 3.0788 9.5468
Car -1 -1 -2.9001 399.1776 179.4868 507.2430 215.1662 1.4635 1.6364 4.2399 -6.6768 1.7550 30.7960 -3.1136 7.5965
Car -1 -1 -0.4911 841.1363 181.9613 1092.5604 276.4907 1.5601 1.6200 3.7307 6.2348 1.7354 12.9659 -0.0429 7.3868
Car -1 -1 3.3705 367.2950 178.4317 488.2131 218.8520 1.5129 1.6423 4.3062 -7.0689 1.7372 28.0998 3.1241 6.3179
Car -1 -1 0.3637 178.2295 155.5658 410.2658 238.3624 1.8251 1.7591 4.6545 -7.2811 1.4444 16.8825 -0.0435 5.5366
Car -1 -1 1.8939 324.0443 148.9618 363.9259 170.0523 1.4671 1.6012 3.8186 -19.3806 -0.2115 52.6347 1.5411 1.0837
Car -1 -1 -1.7909 616.0423 176.4771 651.0030 199.4809 1.4828 1.5853 3.7836 1.5311 1.7401 49.1471 -1.7598 0.1017
