Car -1 -1 -1.2868 336.7231 189.8632 457.2601 265.9945 1.4211 1.5396 3.5133 -4.4143 1.5332 15.3900 -1.5661 14.8989
Car -1 -1 -1.0271 29.5848 197.1449 246.7391 289.3458 1.3767 1.5706 3.7641 -8.3360 1.6271 13.1200 -1.5931 13.2986
Car -1 -1 -1.3790 434.3417 182.6637 502.4120 226.7713 1.4377 1.6049 4.1485 -4.8877 1.3557 25.5046 -1.5683 11.0205
Car -1 -1 -0.8720 0.0000 210.2357 249.6636 375.0000 1.4192 1.5474 3.8515 -4.0447 1.6482 4.5979 -1.5935 10.7940
Car -1 -1 -1.2453 299.2912 181.1599 387.6797 231.7990 1.5385 1.6216 3.7416 -8.6486 1.4164 23.7253 -1.5948 9.5515
Car -1 -1 -1.5447 578.1005 177.9319 611.2288 209.6166 1.5945 1.6581 3.7308 -0.6802 1.2291 38.0451 -1.5626 7.3626
Car -1 -1 -1.4650 486.4498 181.0533 525.4407 212.5700 1.4439 1.5192 3.3138 -4.8899 1.2544 34.6125 -1.6054 7.2748
Car -1 -1 -1.0412 93.7415 161.5951 254.3190 239.6497 2.0080 1.8309 4.7290 -12.3667 1.4015 20.8591 -1.5763 6.8560
Car -1 -1 -1.3508 468.5340 174.7143 500.6863 194.7828 1.4582 1.5960 3.8130 -9.2566 0.6963 54.1724 -1.5200 3.0452
Car -1 -1 -1.2590 370.9963 168.4039 407.2305 188.4786 1.4947 1.5976 3.7583 -16.8242 0.2441 55.4112 -1.5537 1.4967
Car -1 -1 -1.3810 424.8136 178.4744 464.1213 204.3193 1.4676 1.5948 3.7825 -9.6817 1.0859 42.7330 -1.6038 1.3265
Car -1 -1 -1.5571 626.2061 186.4584 653.5902 211.5751 1.4596 1.5989 3.8128 1.9619 1.5400 43.9128 -1.5124 0.6669
Car -1 -1 1.8145 391.0364 174.7024 420.3611 191.5792 1.4781 1.6183 4.0793 -18.2428 0.5584 65.0162 1.5410 0.4916
Car -1 -1 0.1352 480.5453 167.2512 521.2641 182.9821 1.4792 1.5627 3.6688 -10.1839 -0.2146 68.6213 -0.0122 -0.0326
Car -1 -1 -1.6073 628.0876 169.1570 651.8775 193.0025 1.8728 1.7693 4.5633 2.5819 0.6127 58.7431 -1.5634 -0.8056
