Car -1 -1 1.7975 319.7597 190.2906 443.2396 276.9535 1.4725 1.5765 4.0813 -4.6832 1.8906 15.1912 1.4985 13.6547
Car -1 -1 1.2527 704.2302 157.9071 858.0568 262.4475 1.7472 1.6658 4.1731 3.1097 1.4978 14.2177 1.4680 12.0499
Car -1 -1 1.7040 424.5458 187.1213 486.0222 236.7288 1.4096 1.4918 3.4876 -4.9720 1.9068 23.3291 1.4940 10.0608
Car -1 -1 1.6772 454.0488 179.7949 504.3282 223.2878 1.6265 1.6208 3.9694 -5.3500 1.9319 29.6684 1.4988 5.8264
Car -1 -1 -1.5121 573.6930 176.3433 601.9936 201.1687 1.4897 1.5822 3.6046 -1.3984 1.7196 45.6324 -1.5427 3.7786
Car -1 -1 -1.7479 697.6164 140.7591 751.8204 175.9180 1.4704 1.6558 4.2682 5.0205 0.1285 32.3264 -1.5938 1.9313
Car -1 -1 1.7558 524.8251 172.8328 551.1396 190.5163 1.5534 1.6497 4.1161 -6.5216 1.5519 65.4998 1.6565 1.5287
Car -1 -1 -0.7878 632.7400 164.9518 718.3949 203.7220 1.6486 1.6224 3.8231 2.9521 1.3129 32.5275 -0.6973 1.0069
Car -1 -1 1.7775 449.2485 160.5348 485.8368 183.2756 1.4984 1.6395 4.2231 -9.7814 0.6870 49.6599 1.5831 0.3352
Car -1 -1 1.6342 443.2487 159.1821 473.7541 184.6609 1.5484 1.6487 4.0909 -9.6430 0.7179 45.9879 1.4275 -0.8223
