Car -1 -1 2.0426 81.4381 180.6284 216.3694 243.3704 1.6798 1.6966 4.3036 -13.9545 1.9421 22.0860 1.4791 11.0089
Car -1 -1 -1.5580 561.2636 177.8391 613.5040 227.5986 1.5020 1.6028 3.4717 -0.7739 1.6795 23.8793 -1.5904 9.7757
Car -1 -1 -1.4710 504.1616 180.6716 545.4624 213.5968 1.4299 1.5841 3.5929 -4.0022 1.8184 34.0032 -1.5882 9.1521
Car -1 -1 1.8333 289.4995 184.2195 337.9237 213.6441 1.4574 1.5630 3.5169 -15.9913 2.1013 39.0031 1.4442 2.6877
Car -1 -1 1.4428 833.0365 183.5753 857.3836 201.5315 1.4567 1.5655 3.5549 20.3815 2.4167 62.6843 1.7572 2.6852
Car -1 -1 -1.6194 566.1730 164.4231 598.0983 198.4499 2.2309 1.9437 5.3426 -2.0192 1.6785 50.0516 -1.6597 1.0888
Car -1 -1 1.9840 179.8948 184.1706 252.9905 218.1560 1.4638 1.6213 3.9279 -18.7277 2.0363 34.4491 1.4861 0.9571
Car -1 -1 -0.8179 716.5310 181.7489 764.6985 201.1605 1.4903 1.5848 3.9666 10.6533 2.2390 58.8792 -0.6389 0.9507
Car -1 -1 -1.8050 867.4143 183.4070 914.2075 212.9803 1.5064 1.5881 3.7533 15.5166 2.1224 40.1215 -1.4360 0.1180
Car -1 -1 -0.9362 789.6754 182.8334 857.1156 211.2603 1.5744 1.6696 4.2788 12.8000 2.2006 43.2906 -0.6487 -0.7575
