Car -1 -1 -1.7963 716.1768 189.0805 857.2218 288.4260 1.3951 1.5515 3.6360 2.8431 1.7186 12.5446 -1.5734 14.5938
Car -1 -1 0.5370 21.2428 183.8598 372.5578 301.1617 1.5025 1.5982 4.1005 -5.7435 1.6723 10.2521 0.0264 12.1233
Car -1 -1 0.6818 0.0000 195.4740 268.0477 346.3046 1.4554 1.5446 3.7869 -6.1204 1.7339 8.0395 0.0311 11.8748
Car -1 -1 -0.2980 776.5453 173.4449 975.4890 243.9601 1.6384 1.6630 4.2780 6.3521 1.6540 17.7073 0.0464 11.5986
Car -1 -1 0.4501 191.5764 177.3704 430.5814 258.9471 1.5818 1.6439 4.3226 -6.1708 1.6823 15.0454 0.0609 10.8477
Car -1 -1 0.4874 132.8245 180.7024 380.5892 270.9240 1.4658 1.5195 3.6271 -6.1473 1.6132 12.6888 0.0363 8.3358
Car -1 -1 3.4155 292.2554 183.2964 460.4055 240.3192 1.4784 1.6287 4.1304 -6.3960 1.7800 19.9202 3.1048 8.1313
Car -1 -1 3.5129 233.1826 177.5613 415.0806 241.1223 1.4550 1.5947 3.7660 -6.8574 1.5744 17.4369 3.1382 6.9600
Car -1 -1 -1.6326 637.3448 178.9449 666.0883 203.7823 1.5002 1.6078 3.7662 2.6134 1.9081 46.3922 -1.5763 6.8405
Car -1 -1 -0.2093 701.8397 181.5155 807.0065 216.6937 1.4420 1.6268 4.1568 6.0743 1.8227 30.8342 -0.0148 6.3484
Car -1 -1 2.8199 713.7034 177.9359 830.1567 221.4246 1.6183 1.6508 4.1171 6.2206 1.8241 28.1238 3.0376 6.1249
Car -1 -1 -2.9109 369.7767 177.0660 489.2119 223.1586 1.6563 1.6842 4.0511 -6.7150 1.8191 26.9532 -3.1550 5.9079
Car -1 -1 0.1295 479.6738 176.9027 547.9210 204.3411 1.6152 1.6299 3.9049 -5.7993 1.8645 43.5348 -0.0029 2.6648
Car -1 -1 1.9455 309.0841 158.3910 362.0379 185.9518 1.4698 1.5649 3.5703 -15.2883 0.6989 40.2710 1.5826 1.6963
Car -1 -1 0.1329 465.9209 172.6204 535.5116 198.9633 1.4587 1.5697 3.7136 -6.1707 1.4461 40.7685 -0.0174 1.3363
