Car -1 -1 -1.3611 423.7336 184.5282 494.4216 231.8143 1.3906 1.5275 3.3739 -4.6818 1.3715 22.8291 -1.5634 14.4302
Car -1 -1 -1.1976 210.7660 185.2976 418.2410 311.1413 1.5618 1.5905 3.7148 -4.1830 1.5644 10.7801 -1.5677 14.0627
Car -1 -1 -1.6297 576.8745 172.9376 655.2917 248.8512 1.6370 1.6491 3.7283 0.0563 1.3734 17.4050 -1.6265 11.7286
Car -1 -1 -0.9988 12.9355 192.0927 238.9959 289.6136 1.4586 1.5674 3.7343 -8.3928 1.6009 12.8834 -1.5762 10.7785
Car -1 -1 -1.2630 339.8192 181.0791 417.3405 225.2647 1.5012 1.5845 3.9542 -8.3495 1.3618 26.3970 -1.5693 10.5900
Car -1 -1 -1.4404 478.8623 178.2788 529.0020 216.5874 1.5462 1.6277 4.0697 -4.4501 1.2673 31.0549 -1.5827 8.0715
Car -1 -1 -1.0042 80.0670 187.8902 234.2036 249.1948 1.5126 1.6384 4.1739 -12.3696 1.5960 20.0134 -1.5578 7.7854
Car -1 -1 -1.3447 395.9887 169.5425 439.7612 198.9699 1.8168 1.7405 4.7116 -12.3028 0.8503 46.7588 -1.6019 5.0135
Car -1 -1 1.9956 218.1642 180.0971 309.6527 225.1207 1.5789 1.6358 3.9494 -12.9221 1.4006 27.1954 1.5520 2.8797
Car -1 -1 -1.5888 698.4587 164.6809 718.4313 182.9715 1.4690 1.5827 3.8104 8.3927 -0.1930 60.2032 -1.4503 0.7727
Car -1 -1 1.7136 458.0102 173.2004 491.3656 196.5390 1.4617 1.6078 3.8951 -8.6773 0.7103 46.9954 1.5310 0.7050
Car -1 -1 1.9695 297.5121 177.2991 351.0487 203.7894 1.4628 1.5654 3.7024 -16.3497 1.0268 41.5605 1.5947 0.2427
Car -1 -1 -1.6422 654.6412 184.1208 679.9422 204.6412 1.4604 1.5885 3.7889 4.3427 1.3836 53.0570 -1.5605 0.2165
Car -1 -1 -1.6927 684.7810 178.0864 714.6984 201.5277 1.6081 1.6437 3.9317 6.5015 1.1202 51.2803 -1.5666 -0.7065
