Car -1 -1 -0.3501 770.7570 182.0717 971.8166 255.9044 1.5017 1.5635 3.8003 5.5219 1.7127 15.6772 -0.0114 12.9471
Car -1 -1 0.6697 0.0000 187.2150 271.1344 354.6548 1.5905 1.6127 4.0842 -6.1407 1.7623 7.8027 0.0030 10.7495
Car -1 -1 0.2887 339.3190 179.4925 479.6702 228.0347 1.5227 1.6094 4.1575 -6.5588 1.7489 23.7045 0.0187 10.2428
Car -1 -1 3.6486 0.0000 172.4000 327.0172 300.0877 1.6675 1.6653 4.1925 -6.5387 1.6619 10.3680 3.0859 9.8703
Car -1 -1 3.5081 186.0092 186.4594 405.7524 260.7498 1.4514 1.6231 3.9572 -6.5809 1.7573 15.3087 3.1021 9.2565
Car -1 -1 -1.6720 638.6389 179.6273 686.2351 217.2968 1.4344 1.5815 3.9250 2.0878 1.7367 30.1735 -1.6029 8.6881
Car -1 -1 3.5879 84.4893 187.6779 364.4122 277.9082 1.4583 1.6207 4.0982 -6.7405 1.7406 12.8361 3.1043 8.5702
Car -1 -1 0.7998 0.0000 193.6932 194.5091 374.0000 1.5137 1.6429 4.2696 -5.8151 1.6965 5.4583 -0.0173 8.4033
Car -1 -1 -0.8977 1093.3468 188.3109 1241.0000 374.0000 1.5102 1.6382 4.0255 6.4540 1.6589 5.9585 -0.0724 7.4447
Car -1 -1 0.2167 395.7903 174.4407 507.6068 213.8002 1.6414 1.7138 4.4311 -6.7803 1.7119 31.0171 0.0015 5.8843
Car -1 -1 0.0735 479.1735 175.2473 538.6904 199.3977 1.4869 1.5681 3.6128 -6.3689 1.6412 45.5017 -0.0656 2.7507
Car -1 -1 1.5341 619.6525 175.9137 641.3767 195.1483 1.4730 1.5934 3.8608 1.5901 1.7267 57.8057 1.5616 1.6803
