Car -1 -1 -1.9202 789.8856 185.8682 1036.3018 345.0210 1.5200 1.5852 3.6587 3.4254 1.7164 9.0288 -1.5576 13.5041
Car -1 -1 1.8323 301.1949 190.9825 453.2149 305.9939 1.4972 1.5004 3.2902 -3.6174 1.8309 11.5923 1.5299 12.7158
Car -1 -1 -1.7822 700.9909 173.0431 824.9660 268.6283 1.6660 1.6415 3.6969 2.8540 1.6706 14.4423 -1.5871 11.6830
Car -1 -1 -2.2215 929.6544 200.7914 1241.0000 374.0000 1.4493 1.5454 3.7311 3.4849 1.6941 4.4337 -1.5554 11.5367
Car -1 -1 -1.6620 651.8524 178.2578 705.1174 221.3961 1.4672 1.6066 4.0824 2.4530 1.6858 27.0911 -1.5717 9.8820
Car -1 -1 2.1023 0.0000 202.2037 332.1099 374.0000 1.4872 1.6148 3.8645 -3.3776 1.7680 4.9053 1.4992 9.0000
Car -1 -1 1.6877 453.3424 164.6179 528.2909 233.2207 1.9617 1.8146 4.6607 -3.7220 1.7266 22.9975 1.5272 7.2709
Car -1 -1 1.6046 526.1362 174.7109 553.7275 201.4035 1.5684 1.5731 3.7382 -4.3248 1.6884 44.5735 1.5079 6.9368
Car -1 -1 -1.6545 648.7356 176.0050 692.0713 213.1036 1.5592 1.6267 3.7335 2.6257 1.7097 32.5085 -1.5739 5.4198
Car -1 -1 -1.6182 631.0865 174.4090 660.0291 201.4081 1.5531 1.5685 3.5361 2.0738 1.6509 43.4740 -1.5705 5.2957
Car -1 -1 1.6751 482.1178 180.4312 532.0411 221.0689 1.4502 1.5604 3.7428 -4.0215 1.7683 28.3526 1.5342 4.9401
Car -1 -1 -0.8775 722.1141 154.3905 778.6737 176.1074 1.4830 1.6204 4.2198 9.9681 0.2225 51.2313 -0.6854 3.6622
Car -1 -1 -1.7288 674.9556 176.6437 750.8475 238.0002 1.6261 1.6048 3.8662 2.8923 1.7487 21.3123 -1.5939 1.8425
