Car -1 -1 1.4288 678.8662 179.5045 779.6006 259.7829 1.5130 1.5997 4.0021 2.4438 1.6788 15.9379 1.5809 13.2606
Car -1 -1 1.6940 536.3409 169.1558 582.0405 209.4922 1.8075 1.6911 4.0224 -2.3981 1.6422 34.3838 1.6243 11.4723
Car -1 -1 -0.6106 1046.4767 162.0082 1241.0000 300.6130 1.7136 1.7137 4.2867 8.6877 1.5799 9.9946 0.1049 10.3955
Car -1 -1 -2.9532 418.4988 174.9599 518.8952 213.8527 1.5965 1.6370 3.9332 -5.9637 1.6884 30.5331 -3.1461 7.5663
Car -1 -1 -1.6115 661.5389 168.7122 701.1133 207.7282 1.7340 1.6901 3.8325 3.2708 1.5502 34.0240 -1.5157 6.9238
Car -1 -1 -3.3237 739.0638 161.7802 853.4939 202.3125 1.4623 1.5465 3.9161 6.8382 1.0631 26.9298 -3.0750 4.1752
Car -1 -1 1.6385 569.7350 174.8051 600.7722 200.9638 1.4855 1.5980 3.9571 -1.4757 1.6083 43.2745 1.6044 1.6355
Car -1 -1 -2.0861 304.1753 181.2824 420.6560 237.1348 1.4591 1.5931 3.7453 -7.3857 1.7290 21.2349 -2.4208 -0.0089
Car -1 -1 1.6053 698.8098 165.2016 724.6311 187.6827 1.4824 1.6232 4.1552 7.0204 0.9782 49.7622 1.7454 -0.2230
Car -1 -1 1.3413 759.8886 169.4228 840.2686 226.6771 1.5815 1.5777 3.4120 5.5618 1.4871 21.6512 1.5927 -0.7470
