Car -1 -1 1.8862 309.3940 183.8248 396.1205 231.1627 1.4802 1.6552 4.2931 -9.0877 1.9047 25.7285 1.5467 11.6364
Car -1 -1 1.7912 440.1017 178.4077 479.0601 203.4640 1.5913 1.6986 4.2450 -10.1683 1.9845 48.9022 1.5862 5.8964
Car -1 -1 -1.5780 586.5243 172.1364 612.7422 196.8057 1.5445 1.6421 3.9490 -0.7258 1.4999 47.1646 -1.5934 5.7561
Car -1 -1 1.8186 397.7083 179.9676 460.2232 219.8451 1.4835 1.6118 3.6739 -7.3233 1.7912 29.3348 1.5740 1.8953
Car -1 -1 1.7406 479.9914 177.8494 503.1631 193.7480 1.5067 1.6236 3.9722 -11.7394 2.0167 71.6196 1.5781 1.4683
Car -1 -1 -1.2533 914.5873 152.5102 959.6264 176.1994 1.5774 1.6335 4.1608 22.7270 0.2231 50.1259 -0.8276 0.7274
Car -1 -1 -1.5618 551.1155 176.2463 569.6499 193.4456 1.4952 1.6300 4.1027 -4.5164 1.8140 65.6459 -1.6305 0.3421
Car -1 -1 3.3624 403.6653 177.5475 445.8902 193.3442 1.4539 1.5655 3.5851 -17.3842 1.9004 67.7413 3.1111 0.0525
Car -1 -1 -0.3929 873.7840 123.3773 1029.5453 169.8307 1.4959 1.6645 4.4392 11.3547 -0.1053 24.2836 0.0445 -0.2544
Car -1 -1 -2.0682 811.4855 137.4901 915.7049 187.2529 1.5954 1.6687 4.1090 8.7100 0.4620 25.2936 -1.7366 -0.7445
Car -1 -1 1.7728 426.6077 179.3500 476.7721 212.8504 1.4587 1.5927 3.7392 -7.4395 1.7824 34.0246 1.5576 -0.7648
Car -1 -1 -1.1933 837.7087 156.9771 946.6245 216.9106 1.5847 1.6336 3.9106 8.2565 1.1653 21.0620 -0.8197 -0.7716
