Car -1 -1 -1.9319 768.3747 176.1923 1119.3253 374.0000 1.6748 1.6241 3.6529 2.6267 1.7149 6.7587 -1.5613 14.2775
Car -1 -1 1.9652 114.6239 194.1709 443.5040 374.0000 1.4365 1.4739 3.1621 -2.6466 1.6737 6.4298 1.5747 13.5753
Car -1 -1 -1.7781 717.0790 186.6655 867.3326 304.4271 1.4872 1.5249 3.5351 2.6183 1.7383 11.3104 -1.5506 11.6254
Car -1 -1 -1.6829 656.7596 168.9524 712.4954 218.5960 1.9692 1.8323 4.8561 3.0785 1.8148 31.0588 -1.5841 10.7666
Car -1 -1 -1.7590 678.8486 168.9943 788.8862 254.1666 1.7132 1.6996 4.1778 2.6475 1.6359 16.6244 -1.6010 10.6034
Car -1 -1 1.6720 520.4289 176.5100 568.7399 216.7666 1.6004 1.6724 4.0377 -2.7915 1.7685 31.0786 1.5824 9.5806
Car -1 -1 -1.7235 646.1476 177.7243 686.4902 209.4399 1.5759 1.5832 3.7009 2.9066 1.8480 38.3410 -1.6478 4.4376
Car -1 -1 1.6881 501.9373 171.5315 533.0243 194.6869 1.4624 1.5963 3.8047 -6.0778 1.3792 47.4773 1.5608 2.1861
Car -1 -1 -1.6395 639.9430 178.5313 670.4568 205.6210 1.5582 1.6023 3.7526 2.6948 1.9209 44.1707 -1.5786 1.5310
Car -1 -1 -1.4400 485.0846 179.8169 521.1211 207.6102 1.4911 1.5809 3.7190 -6.1388 1.9101 41.5160 -1.5868 0.1895
Car -1 -1 1.4852 678.7486 147.9402 706.6596 170.5930 1.5311 1.6162 4.1210 5.8073 -0.1668 51.2622 1.5981 -0.2596
Car -1 -1 1.7451 470.8587 143.3838 505.2827 167.6947 1.5234 1.6090 3.8893 -8.0943 -0.3568 47.9897 1.5780 -0.4582
