Car -1 -1 -1.8944 769.0460 189.1332 1013.9462 354.8205 1.5139 1.5864 3.6816 3.0672 1.7547 8.8035 -1.5591 13.8482
Car -1 -1 -1.8014 709.8185 183.8896 840.1837 284.2661 1.6267 1.6045 3.7215 2.9797 1.8696 13.9802 -1.5914 13.5170
Car -1 -1 -1.7618 665.2083 149.5856 774.7549 249.3060 2.5273 2.0683 5.7140 2.9710 1.9380 21.1906 -1.6225 10.8430
Car -1 -1 1.6361 492.6897 181.5853 543.1273 226.5094 1.4717 1.5829 3.7003 -3.3303 1.8129 26.2662 1.5099 9.6092
Car -1 -1 -1.6934 652.0144 182.5787 697.0907 217.8787 1.4444 1.5583 3.7822 2.8093 1.9086 32.4954 -1.6072 6.5611
Car -1 -1 1.6307 527.8136 180.0109 560.7602 210.3766 1.5125 1.5463 3.5540 -3.5095 1.9134 38.5845 1.5400 4.7974
Car -1 -1 1.5714 638.2403 182.7702 662.9736 206.7756 1.4595 1.5559 3.6765 2.6288 2.1357 47.2960 1.6269 3.2141
Car -1 -1 1.5586 543.7778 179.6692 569.8938 204.5929 1.5126 1.6243 4.0197 -3.5208 1.9764 46.9921 1.4838 2.5599
Car -1 -1 0.9905 1011.1275 140.0210 1130.5568 184.9608 1.4912 1.6529 4.0607 16.3863 0.4021 25.9832 1.5532 1.0804
Car -1 -1 1.5982 571.6018 184.6214 593.6800 205.2410 1.4696 1.5956 3.7473 -2.1000 2.4051 55.4533 1.5604 0.7456
