Car -1 -1 -1.8394 708.1134 178.0388 948.8408 344.2937 1.5024 1.6180 4.0122 2.2367 1.5796 8.6624 -1.5867 14.1300
Car -1 -1 -1.7811 646.8464 171.7201 730.0214 231.5239 1.5877 1.6366 3.8142 2.1470 1.5579 21.1378 -1.6798 13.0864
Car -1 -1 -2.4751 0.0000 192.6949 199.8546 286.8252 1.4483 1.5419 3.3732 -9.1396 1.8081 12.2561 -3.1159 12.1217
Car -1 -1 -1.4862 471.7530 175.1814 537.0224 231.8911 1.5777 1.6573 3.9997 -3.2158 1.6565 22.2835 -1.6295 10.0008
Car -1 -1 -1.6434 636.2506 178.3740 686.2514 221.4162 1.4879 1.6009 3.8141 1.8332 1.7121 27.3416 -1.5764 5.1498
Car -1 -1 -1.6596 625.0077 171.1889 664.1258 207.6268 1.8143 1.6964 3.9976 1.7288 1.7318 37.9583 -1.6141 3.4425
Car -1 -1 1.6717 522.0571 178.4752 556.5911 207.6529 1.5187 1.5594 3.5313 -3.9119 1.8445 40.0030 1.5742 2.5605
Car -1 -1 -1.5220 520.0630 176.7852 554.9875 209.2782 1.5262 1.5718 3.5108 -3.6222 1.7331 36.1143 -1.6220 0.6995
Car -1 -1 -1.5522 618.2976 173.3962 641.1126 196.6988 1.6821 1.6416 3.9360 1.4834 1.7246 54.1770 -1.5248 0.6402
Car -1 -1 1.5732 554.2999 174.0078 572.5612 192.2858 1.5437 1.5467 3.8358 -4.0936 1.6482 63.1474 1.5085 0.6018
Car -1 -1 1.0471 348.9509 165.1840 397.3355 187.2687 1.4556 1.5348 3.6217 -16.2461 0.9504 49.3325 0.7290 0.4298
Car -1 -1 -1.4306 477.5729 161.8762 505.9521 181.9406 1.4532 1.5958 3.7436 -8.8625 0.6585 54.1432 -1.5928 0.3198
Car -1 -1 -1.6017 622.4792 173.7365 649.2199 200.1280 1.7010 1.6711 3.9851 1.6752 1.7632 48.6298 -1.5673 -0.4620
