Car -1 -1 -1.8741 728.4576 190.7047 919.7952 310.4568 1.3915 1.5938 3.9820 2.9546 1.7143 11.0065 -1.6118 14.0830
Car -1 -1 -1.7023 652.2849 172.8208 707.2335 217.4695 1.7569 1.7500 4.3041 2.8345 1.7560 30.5742 -1.6099 10.4397
Car -1 -1 3.8406 0.0000 184.8541 176.7148 374.0000 1.4870 1.6262 3.9042 -6.4460 1.6122 6.5411 3.0625 9.3962
Car -1 -1 3.7235 0.0000 159.1495 274.0688 314.6239 1.7307 1.6929 4.1649 -6.7240 1.5785 8.9984 3.0818 8.1606
Car -1 -1 0.2121 392.5889 176.8710 511.0320 218.1711 1.5214 1.6264 4.1703 -6.0175 1.6797 27.5552 -0.0029 7.1381
Car -1 -1 3.4017 368.2710 175.7880 487.5872 220.6079 1.5084 1.5800 3.7621 -6.3415 1.6146 25.2025 3.1552 5.7905
Car -1 -1 -1.6766 643.3893 178.3999 679.5911 208.0051 1.5874 1.6579 3.9300 2.8735 1.9216 41.4272 -1.6073 3.4926
Car -1 -1 0.2727 416.0369 175.3610 514.7052 214.0311 1.5536 1.5826 3.7402 -6.0182 1.6616 30.0355 0.0750 2.9525
Car -1 -1 -1.5956 639.1695 176.5375 662.0819 197.4952 1.4746 1.5914 3.9238 2.9509 1.7580 53.4494 -1.5404 2.6220
Car -1 -1 3.2800 438.7195 175.1637 521.9489 208.3939 1.5647 1.5777 3.7882 -6.2710 1.6798 34.9552 3.1025 1.3840
Car -1 -1 -2.7950 165.9453 174.6281 406.8830 256.2419 1.5019 1.6415 4.0323 -6.2942 1.5398 14.2746 -3.2103 0.4565
Car -1 -1 -1.4981 545.3632 176.6951 566.0859 194.7967 1.5749 1.6073 3.7672 -4.9169 1.9337 65.4578 -1.5731 0.2523
