Car -1 -1 2.7211 787.3513 166.1872 1024.4537 254.9912 1.8741 1.7646 4.6092 6.4653 1.7338 16.1998 3.1008 11.1389
Car -1 -1 -0.5452 983.3755 183.9805 1241.0000 338.8268 1.5346 1.5691 3.7722 6.5413 1.6785 8.3014 0.1222 10.6949
Car -1 -1 3.4081 321.2085 173.9108 468.1379 226.8905 1.5523 1.6278 4.0123 -6.5342 1.5862 22.0299 3.1197 10.6413
Car -1 -1 -3.9135 1050.7936 202.8496 1241.0000 374.0000 1.4360 1.6142 4.2108 6.1563 1.7179 5.8870 -3.1057 8.6795
Car -1 -1 0.5452 56.0407 146.6477 365.6890 273.3364 2.0111 1.7896 4.3904 -6.7701 1.5954 12.4482 0.0471 8.6674
Car -1 -1 3.5899 151.0242 181.5840 376.6555 257.1720 1.4531 1.6078 3.8815 -7.0614 1.6432 14.8692 3.1465 7.2699
Car -1 -1 3.2130 382.9020 167.1543 503.7482 216.2410 1.7569 1.7063 4.2797 -6.1887 1.5533 26.9940 2.9876 4.9454
Car -1 -1 -1.7137 651.0116 145.5648 732.5539 224.9555 2.5325 2.0711 5.7258 2.7340 1.6623 25.9134 -1.6085 4.3217
Car -1 -1 -1.6615 724.0790 164.2373 750.1904 184.4276 1.4700 1.5871 3.9482 9.5512 0.8430 54.5631 -1.4882 3.6625
Car -1 -1 1.9903 276.5783 159.0381 338.3594 188.5096 1.5539 1.6412 4.0932 -16.7654 0.8258 40.1054 1.5944 0.5254
Car -1 -1 0.1307 470.7914 172.4097 535.6243 198.8336 1.6174 1.6026 3.8243 -6.6550 1.5906 44.9957 -0.0161 -0.1159
Car -1 -1 0.4910 0.0000 191.4853 327.5839 309.2205 1.4632 1.5771 3.7826 -6.2192 1.7488 10.1471 -0.0588 -0.4641
Car -1 -1 1.6635 542.0501 174.8340 565.9533 192.9250 1.5247 1.7334 3.9321 -4.8955 1.7039 63.2190 1.5862 -0.8352
