Car -1 -1 1.9424 224.7481 193.0363 347.4492 255.6978 1.4351 1.6505 4.3197 -8.8986 2.0599 20.1300 1.5262 14.3154
Car -1 -1 1.7766 427.5571 183.5555 467.9277 211.2947 1.5472 1.6245 3.9011 -9.8103 2.2251 43.7192 1.5559 6.3781
Car -1 -1 -1.8113 579.0620 177.6600 616.9743 202.1411 1.4952 1.5998 3.7928 -0.8529 1.8215 46.9025 -1.8294 3.1449
Car -1 -1 2.2826 0.0000 196.2728 182.6667 374.0000 1.5200 1.6599 4.1351 -7.0811 1.8594 8.3689 1.5804 2.5582
Car -1 -1 -1.4994 551.5686 178.3551 573.0443 195.9861 1.4588 1.5962 3.8751 -4.1473 1.9531 62.8505 -1.5653 2.5478
Car -1 -1 1.8046 374.4115 184.6025 446.8824 232.0862 1.5367 1.6503 4.1049 -7.2495 2.0017 26.4559 1.5371 2.2744
Car -1 -1 1.9636 219.6992 186.0860 369.3616 267.4662 1.5440 1.6418 4.1379 -7.0235 1.8840 16.4402 1.5598 2.1177
Car -1 -1 1.7680 474.6061 179.9681 501.2850 197.3135 1.5221 1.6693 4.1437 -11.3371 2.2051 67.1302 1.6007 1.8802
Car -1 -1 1.6988 474.2234 182.4293 506.5776 207.5076 1.4881 1.5872 3.6482 -7.6283 2.1246 46.0775 1.5347 1.2264
Car -1 -1 1.7516 448.8295 178.9513 491.7975 211.1182 1.6104 1.6174 3.7429 -7.4752 1.9538 38.7117 1.5608 0.9516
Car -1 -1 -3.3752 894.2122 122.0633 1023.9844 164.1940 1.4741 1.6257 4.0982 12.8981 -0.3381 26.9734 -2.9292 0.4917
