Car -1 -1 -1.7555 604.2182 177.7508 680.1954 236.8112 1.6660 1.6684 3.9934 0.8741 1.8354 22.7959 -1.7171 11.7966
Car -1 -1 0.5771 0.0000 173.5922 254.2851 322.7076 1.7210 1.6816 4.1113 -7.1298 1.7319 9.3281 -0.0755 10.9889
Car -1 -1 3.9846 0.0000 183.6392 95.0559 374.0000 1.5760 1.6361 3.9708 -7.1142 1.6827 6.2843 3.1373 5.5676
Car -1 -1 1.5645 551.7460 176.4733 572.5680 197.8108 1.6949 1.6728 4.0971 -4.0249 2.0075 60.1304 1.4977 2.6207
Car -1 -1 3.3756 339.8145 185.4780 451.0572 224.5445 1.4650 1.6130 3.9549 -8.4650 1.9810 28.5573 3.0874 2.4846
Car -1 -1 -1.1832 311.7500 182.2976 440.5394 255.4427 1.4840 1.5902 3.7292 -5.4177 1.7328 17.0549 -1.4907 2.3547
Car -1 -1 1.8537 334.7307 180.7889 430.1751 245.0965 1.6230 1.6180 3.6807 -6.3971 1.8695 20.5212 1.5515 0.4368
Car -1 -1 3.3865 380.3219 181.3426 455.0540 209.0565 1.4872 1.5857 3.7354 -10.6657 1.9683 40.0407 3.1262 -0.2325
Car -1 -1 -1.7888 453.1001 184.0217 480.2028 202.0898 1.4724 1.5594 3.7275 -12.6264 2.4840 63.3134 -1.9856 -0.3352
Car -1 -1 1.5910 611.1123 155.3813 632.2222 174.9561 1.5060 1.6053 3.9424 0.9336 0.1621 57.5091 1.6072 -0.6607
