Car -1 -1 -1.5839 629.5785 181.8987 697.4567 246.7557 1.5417 1.6134 3.4291 1.3836 1.4640 18.8441 -1.5106 11.2852
Car -1 -1 -1.0198 0.0000 201.0061 180.3193 316.5530 1.4016 1.5839 3.8008 -8.4990 1.6926 11.2224 -1.6679 8.9098
Car -1 -1 1.7321 433.8319 180.0803 494.2969 222.7532 1.5220 1.6449 4.1074 -5.4917 1.3400 27.7164 1.5365 5.3222
Car -1 -1 -1.4259 692.0685 183.0723 726.1245 209.1161 1.5664 1.6047 3.7105 6.3902 1.4386 45.2378 -1.2855 5.3023
Car -1 -1 -1.3671 461.5872 179.3253 511.6415 212.2405 1.4725 1.5952 3.8556 -5.7165 1.2102 34.1126 -1.5331 3.5807
Car -1 -1 -3.3100 725.1226 186.8626 813.4086 221.3216 1.5589 1.6151 3.7945 7.4396 1.6389 33.5053 -3.0915 0.7256
Car -1 -1 -2.9708 602.4003 165.7267 656.9341 185.3502 1.4758 1.6105 3.9741 1.6823 0.0112 55.2458 -2.9404 0.3982
Car -1 -1 1.5809 622.6918 175.4742 639.8086 192.6070 1.6425 1.6410 4.0328 2.3339 0.7097 70.9614 1.6138 -0.2332
Car -1 -1 -1.4628 765.8548 185.1789 788.2488 202.1563 1.5317 1.6221 3.8902 15.7863 1.5295 66.9556 -1.2313 -0.2931
Car -1 -1 -1.4556 499.7468 161.3145 541.3244 201.1294 2.4128 2.0192 5.7193 -5.5738 0.9655 46.4232 -1.5751 -0.7790
