Car -1 -1 -1.9902 783.6271 183.1697 1134.8871 374.0000 1.4996 1.5665 3.4625 2.8233 1.6223 6.8050 -1.5969 13.8792
Car -1 -1 -1.2958 302.9420 199.4869 438.1450 298.7243 1.4544 1.4853 3.2708 -4.2534 2.0007 13.1270 -1.6092 13.0001
Car -1 -1 -1.7247 683.0364 179.9495 770.0743 250.7980 1.4862 1.5320 3.2088 2.6102 1.6701 17.0605 -1.5728 11.4070
Car -1 -1 -1.3554 417.6658 180.2686 502.1236 244.9544 1.7681 1.7000 4.1299 -4.5599 2.0187 22.2716 -1.5573 10.8685
Car -1 -1 1.6964 489.0166 182.2970 531.1702 218.0748 1.6491 1.6219 3.9075 -5.0005 2.1496 36.2532 1.5593 10.8678
Car -1 -1 -1.6767 646.4971 176.5402 690.8427 215.0620 1.6455 1.6323 3.6726 2.5908 1.8241 33.0326 -1.5985 6.5360
Car -1 -1 1.6768 524.4989 182.3850 553.1565 206.0365 1.5909 1.6463 4.0409 -5.1363 2.3074 52.1903 1.5787 4.4765
Car -1 -1 1.5523 674.7679 157.4941 694.6424 175.7011 1.5073 1.6140 3.9430 6.3447 0.2361 61.7617 1.6547 2.0786
Car -1 -1 1.6799 548.6201 182.2044 569.2728 198.2598 1.4743 1.5848 4.1022 -4.9944 2.4186 70.7555 1.6094 1.7742
Car -1 -1 1.8014 420.9898 152.6271 473.2344 187.5435 1.6403 1.6569 4.0408 -8.0748 0.6904 35.9207 1.5802 1.0822
Car -1 -1 1.4670 683.9516 173.7320 712.4856 195.8850 1.5140 1.6130 3.9368 6.2230 1.5794 51.4480 1.5873 0.6964
Car -1 -1 1.7655 436.4573 164.9830 479.7890 192.9294 1.4616 1.6152 3.8638 -8.3292 1.0503 39.6757 1.5586 -0.0231
