Car -1 -1 -2.4833 0.0000 198.1329 288.7569 334.2172 1.4337 1.6118 4.1450 -6.3941 1.7723 8.7868 -3.1124 13.0477
Car -1 -1 -1.8891 709.2991 191.4764 856.6106 290.5749 1.4267 1.5387 3.2708 2.8412 1.7995 12.7281 -1.6694 13.0349
Car -1 -1 -1.7452 651.2351 180.7869 729.5431 236.0037 1.5062 1.6755 4.3230 2.3507 1.7787 22.5313 -1.6413 12.1188
Car -1 -1 0.5605 34.3135 190.6633 337.9751 297.4397 1.4918 1.5326 3.8398 -6.4814 1.7890 11.1903 0.0355 9.2033
Car -1 -1 0.2582 372.8712 186.0519 498.5734 228.4946 1.4614 1.6032 4.1692 -6.3106 1.9568 26.2149 0.0220 8.5383
Car -1 -1 -2.6994 193.1292 185.1849 404.9802 260.7581 1.5168 1.6235 3.9040 -6.6896 1.7999 15.6543 -3.1033 8.3078
Car -1 -1 3.7073 117.5432 191.0220 364.0207 278.4960 1.4621 1.5642 3.8451 -6.8183 1.8247 13.4194 3.2372 7.6992
Car -1 -1 0.4680 292.3070 179.0307 446.5999 240.3307 1.6416 1.6151 3.8720 -6.8672 1.8278 20.6198 0.1465 7.4982
Car -1 -1 3.4583 251.9285 186.7551 424.0978 249.7520 1.4745 1.5852 3.7430 -6.7833 1.8411 18.1378 3.1005 6.7096
Car -1 -1 -1.6992 644.0578 180.3135 689.7329 216.1735 1.5195 1.6076 3.9015 2.5333 1.8857 33.3894 -1.6235 2.9601
Car -1 -1 -1.6462 631.5773 178.4078 657.9783 201.1495 1.5702 1.6326 3.8901 2.4796 1.9917 52.7434 -1.5992 2.6425
Car -1 -1 -1.7102 689.8049 158.2606 723.5765 185.4419 1.7049 1.6559 3.9048 6.2508 0.7899 47.2140 -1.5785 2.2957
Car -1 -1 -1.1830 292.9549 158.0703 338.4577 179.9010 1.4762 1.6100 3.8954 -20.6629 0.4769 50.7375 -1.5697 0.2754
Car -1 -1 1.6628 506.8655 181.5375 540.2596 209.1833 1.5193 1.6197 3.8984 -5.1225 2.0591 42.8573 1.5438 0.0084
Car -1 -1 1.7798 530.0934 168.7231 557.1301 186.1199 1.4731 1.5877 3.8714 -5.7941 1.1237 63.1109 1.6883 -0.2730
