Car -1 -1 -1.8586 738.5931 185.0911 960.1179 326.8941 1.4471 1.6339 4.0787 2.8697 1.6476 9.7536 -1.5725 14.2957
Car -1 -1 0.5247 91.7889 179.5051 374.2545 278.0107 1.5419 1.6028 4.0135 -6.3479 1.6640 12.3104 0.0486 11.9099
Car -1 -1 -2.4010 0.0000 202.7272 266.9406 374.0000 1.4399 1.6792 4.4681 -6.0640 1.7730 7.1169 -3.1067 11.4395
Car -1 -1 -1.6860 681.8528 174.1170 741.5024 220.6840 1.4797 1.6072 3.6651 3.3845 1.5269 24.8739 -1.5507 11.0927
Car -1 -1 0.3253 348.5010 176.8013 494.8303 232.0984 1.5727 1.6119 3.9299 -5.6170 1.6964 21.5964 0.0708 9.3957
Car -1 -1 0.6135 0.0000 187.6088 307.9178 313.1724 1.5054 1.5781 4.0068 -6.4423 1.7212 9.6881 0.0267 8.8212
Car -1 -1 3.3234 393.9208 178.4550 510.0418 216.7946 1.4537 1.6505 4.2548 -6.2153 1.6824 28.5122 3.1087 7.9320
Car -1 -1 -1.6812 674.7264 171.3587 723.6384 213.4607 1.6344 1.6057 3.5967 3.5824 1.5767 29.8133 -1.5616 6.7445
Car -1 -1 -1.6061 665.7827 174.8816 695.1026 201.7698 1.5335 1.6129 3.8070 4.1636 1.6613 43.3913 -1.5105 2.4113
Car -1 -1 3.1776 504.5107 172.3623 561.0462 195.9563 1.5499 1.6032 3.7054 -5.1688 1.5179 48.3247 3.0710 1.9272
Car -1 -1 1.3642 826.8685 142.2072 869.8798 169.6055 1.5305 1.6289 4.0140 14.0721 -0.2021 42.8823 1.6812 1.7848
Car -1 -1 -1.6418 648.0702 163.7788 671.9895 186.4842 2.1317 1.9398 5.4643 4.8247 1.2801 70.4751 -1.5735 1.4388
Car -1 -1 -2.1868 0.0000 207.2150 60.1983 374.0000 1.5608 1.6369 4.0959 -6.3240 1.8289 4.7447 -3.1139 0.8213
Car -1 -1 -1.9592 864.1227 165.0942 931.8747 201.1220 1.5223 1.5673 3.5749 12.7621 1.1947 32.2806 -1.5827 0.7535
Car -1 -1 -0.2168 724.4395 170.8999 803.7126 197.3308 1.4863 1.6314 4.1942 8.7638 1.3768 41.4056 -0.0082 0.6201
