Car -1 -1 -2.3350 730.8299 176.3811 831.1000 219.8311 1.4606 1.5544 3.5430 6.1540 1.5998 26.4841 -2.1067 12.3886
Car -1 -1 0.6724 0.0000 184.0857 303.7984 330.4769 1.4505 1.5587 4.1169 -5.8982 1.5914 8.1540 0.0462 10.5884
Car -1 -1 -1.7459 625.0037 176.4701 664.7490 205.8602 1.4902 1.5666 3.3461 1.7952 1.6937 38.7743 -1.6996 10.4806
Car -1 -1 -2.7627 241.9132 174.7920 405.0815 241.1702 1.5506 1.5305 3.3885 -6.9791 1.6004 17.6666 -3.1390 9.2396
Car -1 -1 3.6643 0.0000 182.0678 302.2653 294.4089 1.4707 1.5252 3.4666 -6.5495 1.6146 10.4086 3.1026 9.0746
Car -1 -1 3.4219 307.2809 156.2808 478.0596 225.4661 2.0349 1.8395 4.6973 -6.6106 1.5478 22.1610 3.1320 7.1605
Car -1 -1 3.3893 271.6220 178.2887 434.1698 235.4321 1.4542 1.6169 3.8655 -6.8965 1.6090 19.5275 3.0498 6.4602
Car -1 -1 -2.9139 407.5512 178.1274 503.1864 211.3313 1.5292 1.6585 4.1888 -7.3519 1.7871 34.3668 -3.1246 3.3213
Car -1 -1 -1.5013 614.9286 174.3112 642.5130 197.2868 1.4680 1.5824 3.9217 1.2610 1.5701 48.3829 -1.4752 3.0910
Car -1 -1 -3.1388 652.4448 166.2688 689.2492 181.3488 1.4534 1.5086 3.5424 5.9216 0.8191 70.4457 -3.0549 1.2760
Car -1 -1 1.8746 356.4705 153.2982 388.3227 170.3246 1.4716 1.6209 3.9347 -21.3581 -0.2342 64.9274 1.5568 1.0670
Car -1 -1 -1.1886 417.0956 153.5349 447.9618 170.0511 1.4558 1.5473 3.5132 -16.2361 -0.2635 66.0702 -1.4295 0.4684
Car -1 -1 -1.4420 476.0001 172.7327 513.0276 202.0172 1.6296 1.6482 3.9024 -6.7259 1.6232 42.1231 -1.6004 -0.0409
