Car -1 -1 1.9786 232.1476 192.3041 380.5784 281.4710 1.5308 1.5452 3.5196 -6.1551 1.9815 14.9302 1.5876 12.9834
Car -1 -1 1.8789 340.6840 189.8504 443.7987 252.6850 1.5108 1.6360 4.0722 -6.0929 2.0426 20.5073 1.5901 11.9934
Car -1 -1 -1.7493 683.9346 177.8798 776.5952 247.3108 1.5721 1.6512 3.9280 2.9279 1.7158 18.6035 -1.5932 11.9915
Car -1 -1 1.7365 426.4308 183.3183 486.7855 224.6919 1.4704 1.6681 4.3814 -6.1124 1.9234 28.9884 1.5287 9.0049
Car -1 -1 -1.5978 634.2254 175.7095 652.2385 191.6821 1.4409 1.5839 3.5922 3.0699 1.7157 67.5456 -1.5523 3.2069
Car -1 -1 1.6853 495.0530 179.5059 526.2939 204.1204 1.4859 1.5769 3.7475 -6.3875 1.9321 46.4667 1.5487 2.6608
Car -1 -1 1.6494 562.7396 178.6912 585.3176 196.7264 1.5180 1.6881 4.1346 -3.1882 2.0545 64.1741 1.5997 2.5736
Car -1 -1 1.7786 458.7554 181.1566 509.7099 216.6700 1.6039 1.6564 4.1740 -6.1867 2.0393 35.6890 1.6070 2.2643
Car -1 -1 -0.5202 975.7866 152.3698 1046.1820 172.2204 1.4857 1.6723 4.4398 30.4582 -0.0486 54.9222 -0.0138 1.3791
Car -1 -1 1.7158 527.0930 180.7912 552.2007 199.3402 1.4782 1.5710 3.9223 -5.9568 2.1738 61.2025 1.6188 1.2887
Car -1 -1 -3.3794 775.0338 159.5976 859.9200 188.8927 1.4835 1.6177 3.9596 10.6729 0.8126 37.4243 -3.1016 -0.1180
Car -1 -1 0.8143 1180.0126 142.8398 1241.0000 192.9779 1.7789 1.7399 4.4652 24.6491 0.7143 27.8564 1.5387 -0.3279
Car -1 -1 1.2307 827.0929 162.4881 872.4369 185.6247 1.4808 1.6431 3.9453 15.9143 0.8177 48.1656 1.5498 -0.7185
Car -1 -1 -1.7337 702.8478 161.7839 728.1715 178.6927 1.4806 1.6224 4.0608 9.4827 0.5116 65.2245 -1.5893 -0.8094
