Car -1 -1 -1.8274 715.9598 190.9355 869.2736 290.3314 1.3935 1.6149 4.0437 3.0014 1.7684 12.9002 -1.5988 13.3269
Car -1 -1 -1.6791 655.3841 173.8657 704.6468 217.8745 1.8440 1.7489 4.1495 3.0352 1.8928 32.4141 -1.5857 10.9349
Car -1 -1 0.7920 0.0000 189.6669 235.7658 374.0000 1.4933 1.6546 4.2996 -5.7389 1.6543 6.0006 0.0289 10.7495
Car -1 -1 3.7646 0.0000 185.2727 270.1417 325.2116 1.4700 1.5993 3.8548 -6.3930 1.6321 8.5600 3.1231 9.7938
Car -1 -1 -2.5582 940.6277 178.4680 1241.0000 374.0000 1.5178 1.5730 4.0138 2.8282 1.5519 2.2603 -1.6617 7.6329
Car -1 -1 3.6840 0.0000 158.6861 325.2086 290.8783 1.8483 1.7088 4.1019 -6.7680 1.6505 10.9620 3.1308 6.9022
Car -1 -1 -2.8886 379.4746 175.8811 496.2777 220.2787 1.6185 1.6554 4.0108 -6.4891 1.7370 27.2858 -3.1221 3.8426
Car -1 -1 -1.6517 646.3029 178.2832 678.1672 205.8234 1.5543 1.5989 3.8273 3.0667 1.8958 43.3999 -1.5812 3.7649
Car -1 -1 3.3134 451.6693 175.9134 526.9405 207.1817 1.5531 1.5574 3.5718 -6.1501 1.7127 36.7796 3.1477 2.2795
Car -1 -1 -1.5939 643.1361 178.3068 664.8883 198.7226 1.4827 1.5720 3.9865 3.3291 1.9178 55.5000 -1.5340 -0.4394
