Car -1 -1 -2.5416 0.0000 189.9562 304.7180 336.9120 1.4726 1.5974 4.3565 -6.0857 1.6903 8.2993 -3.1743 13.0469
Car -1 -1 -0.5766 895.4874 190.5144 1191.9382 296.6066 1.4691 1.5369 3.6872 6.4992 1.7629 11.1299 -0.0480 12.3473
Car -1 -1 -0.2764 724.3889 182.2645 858.2828 230.6259 1.4730 1.5972 3.8801 5.7120 1.7870 23.1769 -0.0347 11.8771
Car -1 -1 0.4646 141.3202 178.4600 410.6140 273.2340 1.5730 1.6280 4.1006 -5.9180 1.6810 12.9662 0.0364 11.1186
Car -1 -1 -0.4654 843.7565 181.8014 1078.0382 268.6839 1.5027 1.5694 3.6170 6.3813 1.6804 13.4730 -0.0231 9.8000
Car -1 -1 3.9451 0.0000 202.2035 149.2231 374.0000 1.4422 1.6334 4.4225 -6.5628 1.7182 5.8758 3.1046 8.6588
Car -1 -1 0.1855 418.9870 178.0432 515.8911 213.9677 1.5045 1.5418 3.8984 -6.1591 1.7352 31.2315 -0.0092 8.3022
Car -1 -1 3.4322 251.1479 172.9299 441.4439 240.5475 1.5871 1.6346 4.1310 -6.4569 1.5894 17.8667 3.0855 7.9138
Car -1 -1 0.4678 210.6421 181.3325 427.3209 259.7082 1.5491 1.5769 4.0192 -6.1813 1.7420 15.4256 0.0867 7.8772
Car -1 -1 -1.6626 636.6609 181.3653 674.2113 211.0255 1.4245 1.6014 3.8696 2.2898 1.8931 37.7328 -1.6019 7.4448
Car -1 -1 3.3533 344.0210 179.9378 475.9305 230.1149 1.5075 1.5896 3.7729 -6.2935 1.7409 22.8311 3.0843 6.1162
Car -1 -1 0.5421 2.5328 183.6540 339.1527 296.0050 1.5190 1.5924 4.0341 -6.3909 1.6918 10.7118 0.0042 5.3472
Car -1 -1 -1.6094 627.4404 176.7409 646.7611 193.8126 1.4801 1.5930 4.0144 2.4127 1.8441 65.4785 -1.5726 1.2068
Car -1 -1 -1.4626 559.2013 179.9761 582.1468 197.9978 1.4571 1.5754 3.6493 -3.3555 2.0847 61.6744 -1.5169 0.1506
