Car -1 -1 3.6635 123.0519 177.7317 352.8276 271.9292 1.6342 1.5646 3.5023 -6.8892 1.7315 13.4721 3.1908 10.4160
Car -1 -1 0.3879 191.7856 175.0092 426.2468 255.0695 1.6751 1.6879 4.4930 -6.5829 1.7257 15.9893 -0.0027 9.9530
Car -1 -1 -1.6555 645.3697 181.0976 691.5789 217.7313 1.4673 1.6718 4.2576 2.4847 1.8576 31.9929 -1.5780 9.6870
Car -1 -1 0.2588 357.4113 182.3349 493.1767 230.7370 1.5355 1.5881 4.1094 -6.1214 1.8621 24.0182 0.0093 8.7615
Car -1 -1 0.9221 887.7477 197.9689 1241.0000 374.0000 1.4332 1.5318 3.6172 2.9505 1.6351 3.9717 1.5610 7.7494
Car -1 -1 -1.7557 685.1397 106.4408 871.5855 288.3416 2.7823 2.2245 6.7364 2.8763 1.7668 14.4151 -1.5588 7.3179
Car -1 -1 -2.7705 268.7766 181.3381 452.3931 246.6545 1.5674 1.6229 4.1287 -6.3305 1.7951 18.4382 -3.1012 7.1574
Car -1 -1 0.1836 431.7131 179.9741 528.3357 214.2427 1.5268 1.6279 4.1643 -5.9874 1.8641 33.3143 0.0057 6.4564
Car -1 -1 0.1547 485.4499 177.6857 549.6234 202.8652 1.5650 1.5791 3.8628 -5.8954 1.8791 46.0096 0.0273 3.8848
Car -1 -1 3.2619 498.1937 181.3970 552.9759 202.8175 1.4641 1.5768 3.6651 -5.9363 2.0747 50.7449 3.1454 1.3054
Car -1 -1 1.8793 385.6365 154.5652 416.7217 171.3155 1.4729 1.6085 3.9239 -19.0188 -0.1442 65.7892 1.5979 -0.1949
