Car -1 -1 -1.8121 716.6196 179.0487 886.5229 295.5356 1.5121 1.6420 4.0203 2.7896 1.6293 11.5922 -1.5760 14.4375
Car -1 -1 -2.3289 0.0000 199.1849 188.6569 374.0000 1.4695 1.6839 4.4766 -6.5489 1.7381 6.4594 -3.1212 10.7047
Car -1 -1 0.4903 166.6265 178.5089 394.0885 264.4183 1.5632 1.5779 3.7615 -6.4143 1.6816 14.1547 0.0648 10.5245
Car -1 -1 -2.4864 0.0000 194.9786 328.2642 334.2076 1.4777 1.6432 4.4104 -6.0518 1.7803 8.9055 -3.0832 10.4319
Car -1 -1 -1.6770 671.0933 176.5415 724.4541 217.9951 1.4158 1.5829 3.5110 3.1419 1.5618 26.7188 -1.5600 10.0521
Car -1 -1 0.5601 40.4696 187.6913 357.4865 293.7458 1.5217 1.6145 4.1843 -6.4580 1.7776 11.5129 0.0489 8.9480
Car -1 -1 0.3326 363.0788 177.3106 501.1990 225.5630 1.4932 1.6107 4.0648 -5.7788 1.6448 23.4951 0.0914 8.5668
Car -1 -1 -1.6700 664.6875 171.1783 710.3848 209.8914 1.6120 1.6359 3.7193 3.3295 1.5426 31.9062 -1.5660 6.0740
Car -1 -1 3.3317 405.3122 177.7320 511.2764 214.8215 1.5022 1.6254 4.1212 -6.3485 1.7131 30.2907 3.1251 4.6369
Car -1 -1 1.7176 522.7408 173.2592 558.3256 199.9405 1.5480 1.6013 3.9173 -4.2142 1.5741 43.9172 1.6220 1.6241
Car -1 -1 1.1932 537.6644 174.6716 576.9519 196.0736 1.5180 1.6117 3.8167 -3.9784 1.6586 53.5959 1.1191 1.0675
Car -1 -1 -1.6618 815.8286 144.8902 848.6383 169.9990 1.4685 1.5908 3.8586 13.6940 -0.1847 44.7154 -1.3646 0.5608
Car -1 -1 -3.2040 687.9984 170.3649 742.6059 190.9970 1.4706 1.6056 3.8275 7.5808 1.2935 52.3803 -3.0603 0.3695
Car -1 -1 -2.9618 444.8860 172.2909 525.0355 205.3929 1.6079 1.6181 3.6972 -6.2104 1.5809 35.8695 -3.1332 -0.1801
