Car -1 -1 1.9334 0.0000 213.2931 317.7620 374.0000 1.4540 1.6068 4.2243 -4.2232 1.9735 7.0393 1.3931 13.5297
Car -1 -1 -2.0142 746.5464 192.4590 1115.0703 374.0000 1.5724 1.6640 4.0569 2.7142 1.8293 7.3441 -1.6602 13.1371
Car -1 -1 -1.8406 670.3502 193.6250 828.2232 306.9736 1.4783 1.5887 3.7280 2.0798 1.8813 12.0497 -1.6697 12.7643
Car -1 -1 1.7851 266.4542 200.1307 393.9424 300.0123 1.5138 1.5535 3.4012 -5.2109 2.1006 13.7116 1.4219 10.9965
Car -1 -1 -1.7479 609.2889 182.9131 702.3335 262.7011 1.6543 1.6037 3.4609 0.9404 1.9202 17.2308 -1.6933 9.9415
Car -1 -1 1.6784 385.5853 177.8708 452.7056 239.5912 1.9104 1.7752 4.4836 -6.5650 2.1014 25.0612 1.4222 8.0303
Car -1 -1 -2.4888 987.2895 189.9545 1241.0000 374.0000 1.5448 1.5452 3.8147 3.0560 1.6498 2.4827 -1.6003 7.3640
Car -1 -1 -1.6640 565.7355 188.0924 613.6955 228.9085 1.4851 1.6075 3.9477 -0.9425 2.1593 29.8459 -1.6956 5.8952
Car -1 -1 1.6818 447.5822 187.0644 480.0801 213.6172 1.5494 1.6116 4.0572 -9.3909 2.5054 46.4311 1.4822 4.8978
Car -1 -1 -1.5981 567.6511 185.5254 603.7613 221.9245 1.6125 1.6500 3.8339 -1.2733 2.2672 35.2951 -1.6342 3.1189
Car -1 -1 -1.5691 550.6398 186.2514 577.1672 213.2801 1.5797 1.6202 3.8126 -2.9727 2.4716 46.0577 -1.6336 1.8283
Car -1 -1 -0.8426 636.0765 166.4810 687.3098 187.5007 1.5296 1.6254 3.9756 3.9047 1.0662 54.4726 -0.7710 0.8340
Car -1 -1 -1.5278 558.0391 184.8389 589.2162 215.3501 1.6176 1.6371 3.8991 -2.0965 2.3439 41.7433 -1.5780 0.1804
