Car -1 -1 -1.7110 671.7196 182.9837 748.7361 240.6297 1.4359 1.6198 3.9326 2.7153 1.7537 20.6370 -1.5802 13.0821
Car -1 -1 1.7474 418.4813 188.3047 521.0714 270.2520 1.4445 1.5056 3.5324 -2.8710 1.8075 15.1588 1.5603 11.9557
Car -1 -1 -1.4115 458.0547 184.5880 537.2765 244.3134 1.4896 1.6321 4.0123 -3.1755 1.8609 20.7964 -1.5630 11.5998
Car -1 -1 -1.7106 660.5379 180.9522 720.6661 227.7165 1.5229 1.6192 3.8999 2.7980 1.8390 26.1546 -1.6041 8.1357
Car -1 -1 -1.4847 527.0936 183.4165 567.6497 218.5805 1.4864 1.5645 3.6513 -2.8891 2.0028 33.4198 -1.5710 7.8639
Car -1 -1 -1.7441 645.9279 180.4743 696.7583 218.5473 1.5078 1.5689 3.6785 2.5532 1.8582 31.2373 -1.6626 5.9310
Car -1 -1 -1.6888 642.9804 172.5013 686.2126 211.9778 1.8508 1.6953 3.7387 2.6111 1.8346 35.7316 -1.6159 4.8490
Car -1 -1 -1.5954 630.6207 178.4775 653.2090 199.4022 1.4847 1.5946 3.6528 2.3341 1.9205 54.0247 -1.5522 2.6460
Car -1 -1 1.7484 481.9501 175.1933 523.9484 202.5446 1.4812 1.6640 4.2920 -6.1471 1.6235 41.6129 1.6017 2.1011
Car -1 -1 1.7033 536.1655 181.5660 572.1936 210.1978 1.5062 1.5614 3.7634 -3.1647 2.0255 41.0475 1.6264 0.8273
Car -1 -1 1.5922 569.0283 177.0697 585.8856 192.5792 1.4689 1.5853 3.7128 -3.2072 1.8964 71.2291 1.5472 -0.3369
