Car -1 -1 -1.0479 79.8258 186.7800 272.6712 274.5046 1.4159 1.5159 3.5128 -7.8729 1.4500 13.4233 -1.5783 14.0988
Car -1 -1 -1.7765 698.6308 185.8125 801.4963 259.2837 1.4228 1.5262 3.2436 2.9225 1.4382 15.5807 -1.5911 13.9415
Car -1 -1 -1.2909 326.7148 180.4667 472.9962 280.4480 1.5554 1.5867 3.5705 -3.6211 1.4827 12.9708 -1.5631 13.6330
Car -1 -1 -1.3883 432.3612 178.1235 512.6030 235.8558 1.5168 1.5988 3.8864 -3.8548 1.3316 20.8258 -1.5714 12.9693
Car -1 -1 -1.6950 641.8350 177.0950 683.6638 208.2330 1.4842 1.6269 3.8406 2.6850 1.0983 36.2202 -1.6210 10.7450
Car -1 -1 -1.4105 481.3765 177.5869 529.8425 213.5393 1.5021 1.5584 3.7044 -4.5062 1.1845 31.8985 -1.5509 8.9739
Car -1 -1 -1.6015 587.6530 174.9522 613.2841 197.9534 1.5124 1.6312 3.8020 -0.5534 0.8387 49.1982 -1.6127 5.4159
Car -1 -1 -0.6235 0.0000 188.3717 129.0582 375.0000 1.4968 1.5827 4.0611 -3.4676 1.5163 2.0919 -1.6515 4.8324
Car -1 -1 -1.1786 305.7266 179.2120 395.5163 228.5020 1.4814 1.5543 3.4184 -8.2902 1.3021 23.3473 -1.5198 4.0611
Car -1 -1 -1.4698 515.7547 177.0431 547.5711 201.6107 1.4443 1.5799 3.6817 -4.6532 0.9650 44.1011 -1.5750 2.7570
Car -1 -1 -1.3312 573.5739 177.1941 604.7703 196.7446 1.4767 1.5712 3.8767 -1.4353 0.8719 56.3540 -1.3566 1.0236
Car -1 -1 -1.4900 620.4814 177.9828 638.8202 192.9250 1.4439 1.5479 3.4137 2.1864 0.7461 71.2426 -1.4593 0.3715
Car -1 -1 -1.3262 430.1823 165.3043 473.4571 192.0244 1.4542 1.5778 3.6337 -8.8596 0.3717 40.9586 -1.5392 0.3563
