Car -1 -1 -1.3878 373.3352 174.3572 532.3614 298.4275 1.5894 1.6603 4.2455 -2.3071 1.6180 11.4278 -1.5870 13.7471
Car -1 -1 -1.8271 748.4355 161.1357 983.6125 347.8753 1.7331 1.6462 3.6117 2.6750 1.6247 8.5365 -1.5234 13.4213
Car -1 -1 -1.3570 462.3343 179.2957 571.5570 253.4577 1.4333 1.6107 4.1224 -2.0202 1.5994 16.4373 -1.4793 12.6754
Car -1 -1 -1.6808 679.1918 174.6096 728.9141 212.4899 1.4507 1.5996 3.9104 3.7726 1.5283 29.7792 -1.5548 12.3605
Car -1 -1 -1.7707 716.0856 178.8117 841.7537 270.7931 1.5091 1.5965 3.8172 3.0606 1.6409 14.0043 -1.5555 10.9437
Car -1 -1 -1.5267 580.4661 172.7710 610.5723 199.7399 1.5577 1.6514 3.9317 -0.8689 1.5533 43.6590 -1.5466 6.6114
Car -1 -1 -1.6488 672.1663 172.0491 704.8576 201.3632 1.6354 1.6033 3.7323 4.5087 1.5908 42.1391 -1.5422 2.9076
Car -1 -1 1.5039 496.3220 173.2391 570.6531 236.8534 1.5546 1.7194 4.4946 -2.2772 1.5669 20.0238 1.3907 1.8542
Car -1 -1 -1.3746 481.9789 161.2306 505.4737 177.2345 1.5528 1.5981 3.8344 -11.5803 0.4254 71.9511 -1.5342 0.3522
Car -1 -1 -1.5885 645.7250 167.8276 672.4584 195.2123 1.6368 1.5908 3.8514 2.9992 1.3368 45.0873 -1.5220 -0.7905
