Car -1 -1 -0.3630 642.9604 171.0886 813.1853 237.3068 1.5288 1.5910 3.8350 2.8231 1.4884 17.8267 -0.2060 12.7395
Car -1 -1 3.6996 0.0000 207.4417 190.9301 333.4103 1.3827 1.5867 3.7661 -7.9553 1.8903 9.5342 3.0043 11.3110
Car -1 -1 0.3307 115.6082 179.1527 313.0082 251.2349 1.6430 1.5983 3.9552 -9.6345 1.8081 17.7545 -0.1665 10.6209
Car -1 -1 3.6142 0.0000 196.2409 231.0625 297.2187 1.4467 1.5626 3.5330 -8.4486 1.8645 11.8443 2.9946 9.0416
Car -1 -1 3.3588 272.0856 179.8289 384.1341 220.9447 1.5201 1.5792 3.8161 -10.9426 1.8026 28.1105 2.9875 8.5074
Car -1 -1 -0.2394 591.7747 170.5953 694.9434 212.8035 1.6041 1.6239 3.8044 1.2488 1.5186 28.5850 -0.1958 8.2850
Car -1 -1 3.4690 173.3840 185.6024 341.6633 241.2405 1.4427 1.5759 3.9370 -9.7985 1.8182 20.2029 3.0175 7.0750
Car -1 -1 1.8618 310.8167 152.8668 365.6306 183.5909 1.4763 1.5702 3.8334 -13.7620 0.5163 36.6327 1.5024 1.7880
Car -1 -1 0.9641 180.5381 172.3675 233.9725 193.2822 1.4774 1.5605 3.7019 -29.3265 1.4434 52.4800 0.4545 1.3035
Car -1 -1 -0.2683 580.4147 171.1236 678.0901 208.7345 1.5496 1.6278 3.9000 0.7643 1.4787 30.9861 -0.2437 0.4696
Car -1 -1 0.6738 229.6863 181.8102 367.3114 230.6422 1.4673 1.5937 3.9802 -10.1434 1.7746 23.4418 0.2654 0.0455
Car -1 -1 -2.0417 398.5952 176.1671 433.8727 193.0948 1.4620 1.5839 3.6415 -17.4784 1.7691 64.9326 -2.3047 -0.4846
Car -1 -1 -2.5002 1030.1286 157.6999 1097.9183 182.4716 1.6284 1.6215 3.6928 31.0162 0.6326 49.4423 -1.9400 -0.7543
