Car -1 -1 1.8884 322.4262 191.2748 476.5847 285.9374 1.4434 1.6092 4.1361 -3.8960 1.8529 13.9192 1.6155 13.4945
Car -1 -1 1.6985 434.9677 183.0234 510.9185 244.6801 1.5373 1.6293 4.1237 -3.8854 1.8604 20.7872 1.5137 11.6532
Car -1 -1 -1.5901 606.3559 178.4036 647.0082 218.2794 1.5063 1.5617 3.3198 0.5997 1.7454 29.3758 -1.5697 10.7394
Car -1 -1 1.6734 500.5696 180.2710 544.4950 215.4676 1.4628 1.5929 3.8546 -3.9505 1.8198 32.7445 1.5533 5.0736
Car -1 -1 -1.7397 691.7707 175.0419 756.9853 225.1658 1.6292 1.6231 3.9670 3.9287 1.7133 25.6210 -1.5875 3.3868
Car -1 -1 -0.2734 716.0824 165.1358 884.0925 231.9946 1.7730 1.7135 4.2009 5.1370 1.5687 20.0348 -0.0224 1.4831
Car -1 -1 1.6900 526.5884 177.9459 556.8634 201.3396 1.4637 1.5539 3.8857 -4.5284 1.8163 47.9576 1.5959 1.3260
Car -1 -1 1.5556 641.9401 161.6586 659.7600 178.0658 1.5076 1.6193 4.0263 3.8259 0.4792 68.3407 1.6116 1.0216
Car -1 -1 -2.8912 392.7019 167.7148 482.7923 198.0739 1.4777 1.6356 4.0916 -8.5762 1.2279 35.9679 -3.1253 0.7396
Car -1 -1 -1.2683 392.7892 151.8605 438.6384 179.9188 1.6294 1.6405 3.7694 -11.7725 0.4106 43.8132 -1.5308 0.5303
