Car -1 -1 1.9368 291.2249 193.2594 415.6876 267.2313 1.4784 1.5880 3.6807 -6.0477 2.0210 17.3086 1.6006 13.3768
Car -1 -1 2.0631 122.1358 198.2160 328.8065 315.4255 1.5125 1.5191 3.4035 -6.0806 1.9866 11.7624 1.5860 13.2423
Car -1 -1 -1.7887 702.0605 179.5623 818.9216 260.7478 1.4726 1.6006 3.8041 2.9938 1.6333 15.3239 -1.5958 12.2140
Car -1 -1 1.8207 402.8919 179.2657 478.9602 231.2160 1.6643 1.6839 4.0252 -5.9489 1.9106 25.6444 1.5928 8.8154
Car -1 -1 1.7795 445.6636 182.2414 502.5882 220.0245 1.5322 1.6716 4.2452 -6.0710 1.9828 32.4641 1.5946 6.1614
Car -1 -1 1.7191 559.4933 179.4967 588.2954 199.2230 1.4935 1.6980 4.4112 -2.9063 2.0528 58.4373 1.6694 3.7984
Car -1 -1 1.7108 524.2681 181.3107 551.2552 200.9088 1.4732 1.6294 3.8990 -5.7884 2.1758 57.9269 1.6112 3.7488
Car -1 -1 3.9615 0.0000 223.3528 66.6559 374.0000 1.4554 1.5967 3.7641 -7.4505 1.9707 6.4940 3.1076 1.8963
Car -1 -1 1.3272 823.2219 156.3566 851.2702 172.5857 1.4757 1.6005 3.9450 21.2625 -0.0256 67.6919 1.6315 1.2472
Car -1 -1 1.6861 474.7988 172.4599 500.0305 191.5328 1.5603 1.6315 4.2663 -10.3819 1.5284 61.1964 1.5181 0.2429
Car -1 -1 -0.4755 677.9011 188.5971 806.1658 238.1694 1.4695 1.5974 3.8098 4.2454 2.0124 23.5461 -0.2971 -0.7210
