Car -1 -1 -1.3850 418.5923 177.5973 504.4112 238.5228 1.5231 1.6144 4.0141 -3.9903 1.3337 19.9828 -1.5821 12.6714
Car -1 -1 -1.5663 580.2728 173.0751 642.3371 233.5621 1.6006 1.6429 3.6770 0.0624 1.2805 20.8635 -1.5633 12.3850
Car -1 -1 -1.4238 477.3932 176.6897 524.5966 212.7322 1.5062 1.5637 3.5517 -4.7021 1.1511 31.8137 -1.5705 9.2635
Car -1 -1 -1.0871 0.0000 76.4443 407.0394 375.0000 2.4190 2.0702 6.1015 -4.3722 1.5835 8.5888 -1.5580 8.7023
Car -1 -1 1.8041 380.7739 179.1667 435.4875 216.2445 1.5467 1.5442 3.5909 -8.7989 1.2955 31.8050 1.5342 4.4971
Car -1 -1 -1.5914 573.8204 179.6491 614.1359 217.3652 1.4901 1.5949 3.7015 -0.6601 1.2713 30.2798 -1.6132 2.5028
Car -1 -1 1.8034 441.7346 178.4092 481.4494 202.9976 1.4664 1.5892 3.8194 -9.0833 1.0616 44.8028 1.6034 1.8854
Car -1 -1 -1.4511 500.0038 179.5805 533.5740 205.9550 1.4971 1.5567 3.6037 -5.3765 1.1783 42.6064 -1.5767 1.6356
Car -1 -1 1.6828 518.0945 176.5945 546.6918 198.9570 1.5417 1.6125 3.9170 -5.3825 0.9485 51.5212 1.5787 0.2400
Car -1 -1 -1.2148 447.2408 168.4048 480.4615 185.2543 1.4819 1.6163 4.1600 -13.0571 0.0045 65.3999 -1.4118 0.0217
Car -1 -1 -1.6565 655.4806 180.3541 683.4578 202.3160 1.4884 1.6240 3.9794 4.2944 1.1601 50.7055 -1.5721 -0.4868
