Car -1 -1 -1.2820 273.8682 189.1897 431.0375 296.0545 1.4714 1.5117 3.2871 -4.0219 1.5465 11.6929 -1.6132 14.9037
Car -1 -1 -0.9375 0.0000 199.5609 311.2680 375.0000 1.4963 1.6501 4.1103 -3.2283 1.6170 3.8887 -1.6304 11.9036
Car -1 -1 -1.0210 2.5377 187.6614 241.1693 290.6654 1.4689 1.5828 3.8119 -8.0250 1.5184 12.2677 -1.6003 10.5557
Car -1 -1 -1.1674 209.4386 186.8475 327.8540 246.0793 1.4020 1.5579 3.4954 -8.8079 1.4500 18.8813 -1.6039 10.4892
Car -1 -1 -1.5588 562.1489 178.1024 600.4115 213.5861 1.5384 1.6591 3.8504 -1.2322 1.2312 33.1085 -1.5960 10.2591
Car -1 -1 -1.3400 336.9729 153.2965 418.1307 214.3896 2.0365 1.8250 4.5560 -8.3306 0.9736 26.2998 -1.6467 6.9126
Car -1 -1 -1.2597 288.1020 179.0871 353.2162 212.6044 1.4596 1.6263 4.1166 -13.2829 1.1939 33.4096 -1.6381 5.3647
Car -1 -1 -1.1122 181.7283 181.9358 285.0251 227.1609 1.4628 1.6115 3.9948 -13.0524 1.3578 25.2590 -1.5892 3.3774
Car -1 -1 1.7825 395.1631 178.9235 445.9993 215.4951 1.6716 1.6378 3.6935 -9.0109 1.3851 34.7325 1.5286 3.1398
Car -1 -1 1.6411 536.1203 186.7301 564.2645 210.5917 1.4672 1.5565 3.6198 -3.6917 1.5696 46.2463 1.5614 -0.7276
Car -1 -1 1.9066 419.2881 177.2259 470.3396 204.3426 1.4836 1.6501 3.9734 -9.3442 1.0476 41.3935 1.6846 -0.7518
