Car -1 -1 -1.8659 803.3962 180.7670 1099.4133 374.0000 1.5299 1.5733 3.5366 2.9857 1.6296 7.2206 -1.4738 12.7360
Car -1 -1 2.0696 93.5586 198.6034 334.6403 327.6251 1.5689 1.6408 3.9750 -6.0725 2.0536 11.5695 1.5862 11.5553
Car -1 -1 1.7929 452.9415 186.7450 502.8566 220.9461 1.4661 1.5546 3.7320 -6.2676 2.1646 34.3648 1.6125 9.9937
Car -1 -1 -1.6754 644.8148 176.8757 684.1027 208.7709 1.5667 1.6452 3.9587 2.7746 1.7897 37.9486 -1.6024 8.5515
Car -1 -1 1.7521 475.7485 185.8513 517.1708 214.9445 1.4513 1.5748 3.9104 -6.2323 2.2029 39.7298 1.5965 7.4523
Car -1 -1 -1.1453 261.0483 196.4863 318.6188 225.4149 1.4490 1.5809 3.7792 -18.2125 2.8587 41.1326 -1.5621 5.3856
Car -1 -1 -1.0882 208.1687 195.7910 272.5735 226.6693 1.5454 1.6546 3.8437 -20.9066 2.9076 40.9067 -1.5606 3.8434
Car -1 -1 -1.1058 170.0756 199.1744 231.0100 227.6419 1.4339 1.5788 3.6823 -23.6162 3.0237 41.6925 -1.6212 3.3316
Car -1 -1 -1.0445 128.1650 200.4052 194.6457 229.9862 1.4873 1.6011 3.7384 -25.8694 3.1520 41.6915 -1.5999 1.7885
Car -1 -1 -1.7449 807.2138 164.5348 834.4786 181.9518 1.4727 1.6120 4.0117 18.3757 0.7696 63.0885 -1.4615 1.7131
Car -1 -1 1.5836 747.2051 171.2591 791.2020 210.5020 1.4931 1.6457 4.2577 6.5338 1.4328 29.7108 1.8001 0.2061
