Car -1 -1 2.0340 99.6438 194.7470 324.1669 320.6205 1.5109 1.5643 3.5368 -5.8827 1.9014 11.0674 1.5455 14.7241
Car -1 -1 -1.9644 741.2084 180.4794 940.1632 308.7247 1.4827 1.5011 3.2441 3.0080 1.6091 10.2340 -1.6785 12.6257
Car -1 -1 -2.1711 848.0640 190.0669 1241.0000 374.0000 1.4777 1.5362 3.5762 2.9938 1.6384 4.8919 -1.6219 11.7556
Car -1 -1 1.8888 281.3570 187.9015 405.0293 270.0007 1.5625 1.5521 3.5689 -5.8860 1.9384 16.1988 1.5403 9.5941
Car -1 -1 -1.7907 710.2684 183.2843 817.7318 259.6337 1.4472 1.5659 3.4508 3.2148 1.7025 15.8908 -1.5911 8.7826
Car -1 -1 1.4447 723.6971 173.7412 758.4552 198.3960 1.4740 1.6422 4.0684 8.1583 1.5327 45.3584 1.6227 5.4453
Car -1 -1 1.1797 308.6677 185.2892 353.6982 208.3249 1.4676 1.5945 3.7495 -19.3511 2.3615 49.9339 0.8100 3.0546
Car -1 -1 -0.4216 885.1430 151.8783 949.5123 172.2462 1.4688 1.6347 4.0282 22.4868 -0.0450 52.9373 -0.0199 2.5518
Car -1 -1 -2.7734 354.0595 180.3658 439.5126 210.6025 1.6342 1.7061 4.2763 -11.9709 2.0671 40.5250 -3.0606 2.2063
Car -1 -1 -3.3344 705.9785 169.9944 765.3753 191.2866 1.4637 1.6007 3.8537 8.7257 1.2675 50.4394 -3.1631 0.3911
Car -1 -1 3.8221 0.0000 204.0014 139.1396 293.9475 1.4521 1.5604 3.7041 -10.9181 2.0496 13.0201 3.1243 -0.4952
