Car -1 -1 1.2789 725.8722 187.3799 975.3990 357.6791 1.4760 1.6020 3.9735 2.4684 1.6894 8.5875 1.5588 14.7135
Car -1 -1 1.7866 367.8741 184.7900 519.1206 295.2211 1.5639 1.6781 4.4342 -2.8006 1.8147 12.9145 1.5730 14.7016
Car -1 -1 -1.6827 651.5047 177.5682 703.9702 222.1438 1.6156 1.6450 3.6171 2.5552 1.8132 28.3617 -1.5928 11.9948
Car -1 -1 1.6750 512.4389 183.4115 561.4863 226.1886 1.5014 1.5324 3.5351 -2.8140 1.9369 27.9666 1.5747 11.0823
Car -1 -1 1.3674 703.7753 178.8118 823.5980 273.7979 1.6064 1.5874 3.4855 2.8227 1.7382 14.1669 1.5641 7.6517
Car -1 -1 1.3779 769.1002 142.3739 859.0793 203.3676 1.6001 1.6924 4.4153 5.8063 0.8008 21.1899 1.6453 4.6481
Car -1 -1 -1.6416 638.7787 178.9335 675.8388 211.5324 1.5971 1.6601 4.0705 2.4129 1.9361 38.1494 -1.5784 4.0660
Car -1 -1 1.6888 552.4680 181.5978 581.0606 203.9722 1.5117 1.6021 4.1452 -3.1348 2.1742 52.5171 1.6292 2.6899
Car -1 -1 -1.6375 634.1150 174.5730 660.8264 199.7416 1.7502 1.6764 3.8529 2.6569 1.8800 52.3773 -1.5869 1.7817
Car -1 -1 2.1226 0.0000 182.2618 288.5991 323.8473 1.5144 1.5675 3.6828 -6.0249 1.6666 9.8016 1.5714 1.2667
Car -1 -1 -1.6634 643.9443 180.5751 686.3688 217.1827 1.5352 1.5876 3.5958 2.4179 1.9063 32.8328 -1.5899 1.1927
Car -1 -1 1.7581 454.4966 144.1358 495.9422 172.1721 1.6343 1.6995 4.5028 -8.2664 -0.0438 44.4213 1.5741 1.1883
Car -1 -1 1.7200 479.6054 186.9019 521.2081 219.1265 1.6628 1.7181 4.4403 -6.2570 2.5122 41.3859 1.5700 0.1381
Car -1 -1 1.6003 536.0854 178.0249 554.3387 194.2607 1.4824 1.6293 3.9687 -6.2056 1.9932 69.1981 1.5109 -0.4895
