Car -1 -1 1.9988 188.8679 196.9907 359.2780 293.1580 1.4674 1.5498 3.6350 -6.2350 1.9884 13.7395 1.5728 13.2639
Car -1 -1 -1.7088 675.4671 183.0056 752.0924 240.3590 1.4123 1.5932 3.9307 2.7869 1.7277 20.4280 -1.5732 12.6968
Car -1 -1 -3.6941 910.7922 160.5788 1219.5135 249.3227 1.5344 1.7031 4.6317 8.1772 1.3225 13.3294 -3.1438 11.7586
Car -1 -1 2.7699 797.6199 160.1219 957.7200 215.7328 1.6732 1.7080 4.3819 8.2526 1.2905 22.6085 3.1199 10.5923
Car -1 -1 2.6915 864.0847 150.5947 1101.0451 234.3857 1.8017 1.7312 4.4878 8.2795 1.3235 16.4159 3.1586 9.9539
Car -1 -1 2.3440 0.0000 218.3907 244.0672 374.0000 1.4017 1.5264 3.5671 -3.8046 1.7712 4.0483 1.5896 9.8522
Car -1 -1 -1.3123 388.9858 183.5157 468.2983 236.1519 1.6061 1.6396 4.1886 -6.2080 2.0067 24.9736 -1.5560 9.3133
Car -1 -1 -0.6762 1107.4697 146.1276 1241.0000 186.5551 1.5640 1.6898 4.2368 22.4974 0.5304 28.7826 -0.0127 6.1741
Car -1 -1 1.7507 462.6628 183.4700 508.2337 215.4186 1.4576 1.5869 3.8415 -6.2139 2.0179 36.1260 1.5804 6.0035
Car -1 -1 -0.7647 1176.9726 145.3948 1241.0000 190.2179 1.5291 1.6549 4.3125 22.7821 0.5927 25.5161 -0.0358 3.7351
Car -1 -1 -1.3460 432.4859 174.3190 471.7024 198.4744 1.4871 1.5989 4.1466 -10.2070 1.5866 46.7507 -1.5610 2.5294
Car -1 -1 -3.3016 709.4552 168.7898 773.1786 191.0923 1.4654 1.6165 3.9838 8.7145 1.1987 48.2520 -3.1229 2.3939
Car -1 -1 1.6732 491.7189 172.7538 511.9172 188.4021 1.4649 1.5584 3.6504 -10.3979 1.4559 69.4052 1.5245 1.1927
Car -1 -1 1.7371 521.2483 182.5243 548.1500 201.8587 1.4974 1.5947 3.9295 -6.2394 2.3276 59.9019 1.6333 1.1816
Car -1 -1 1.6786 497.0596 181.9101 528.5618 207.2785 1.5155 1.6066 3.8443 -6.2437 2.1231 46.4317 1.5449 -0.3115
