Car -1 -1 -1.7704 631.0449 175.5030 681.7338 211.6780 1.4596 1.5466 3.2990 1.9055 1.5806 31.1054 -1.7093 13.0441
Car -1 -1 -2.4170 780.9833 176.7760 924.8795 236.7529 1.4004 1.5344 3.4128 6.2240 1.5139 18.9485 -2.0996 11.8648
Car -1 -1 -2.5176 0.0000 176.6232 254.8597 297.8169 1.5690 1.4950 3.0874 -6.9709 1.6266 10.1698 -3.1185 9.1737
Car -1 -1 3.3832 354.4856 178.2404 477.0777 218.2032 1.4231 1.6203 4.1254 -7.1783 1.6297 26.7724 3.1213 8.8784
Car -1 -1 3.5972 56.8217 180.8719 325.5062 279.8397 1.5047 1.5534 3.5455 -6.8539 1.6483 11.9988 3.0782 7.7444
Car -1 -1 -2.7026 157.4338 150.1878 412.5139 254.7919 1.9854 1.7997 4.3710 -6.4953 1.5555 14.6382 -3.1203 7.2793
Car -1 -1 -2.7736 293.4633 177.2836 434.0641 229.7252 1.5223 1.6171 3.7209 -7.4747 1.6629 21.9735 -3.1015 7.2002
Car -1 -1 -1.6790 613.0790 173.6256 650.3053 203.1804 1.5846 1.6637 4.1252 1.1440 1.6310 40.9164 -1.6511 6.3036
Car -1 -1 1.6825 492.1225 175.6579 526.4852 200.7544 1.4931 1.6889 4.2190 -6.3359 1.6786 45.5311 1.5442 5.0696
Car -1 -1 3.3446 402.6432 176.2815 492.1492 209.5322 1.5028 1.6215 3.8222 -7.5660 1.6670 33.6287 3.1233 3.6614
Car -1 -1 2.3866 0.0000 204.3136 111.6336 374.0000 1.4736 1.6154 3.8473 -4.8326 1.7329 3.9617 1.5025 1.9533
Car -1 -1 1.7970 462.2463 177.3376 508.0516 206.3304 1.4870 1.6178 4.0455 -6.8440 1.7469 39.7064 1.6263 1.5239
Car -1 -1 -3.4873 874.6823 153.0197 954.6954 178.7525 1.4828 1.6284 4.0264 17.8601 0.3402 42.4927 -3.0894 1.4536
Car -1 -1 1.7552 485.6719 159.0514 518.1813 181.1269 1.4828 1.5818 3.7699 -7.5328 0.5560 50.3742 1.6067 0.0909
Car -1 -1 1.6680 520.9570 173.9564 544.1769 192.3561 1.4981 1.5805 3.9028 -6.5310 1.5945 60.9376 1.5612 0.0169
Car -1 -1 1.8151 412.9565 159.3213 440.6982 176.2162 1.4638 1.5589 3.6668 -16.3218 0.2917 64.3489 1.5667 -0.2451
Car -1 -1 3.4860 251.3064 181.8666 416.0646 239.5723 1.4716 1.5973 3.8444 -7.4188 1.7259 19.4938 3.1224 -0.4880
