Car -1 -1 -1.7338 680.2231 179.2320 780.4526 252.9041 1.4725 1.6260 4.0257 2.6115 1.6391 16.7882 -1.5795 14.4607
Car -1 -1 1.7460 430.5232 181.3268 500.4480 231.8844 1.4622 1.5737 3.8840 -4.6539 1.7613 23.4797 1.5503 13.9923
Car -1 -1 -1.8967 769.2956 184.8413 978.2535 333.9873 1.5065 1.4870 3.1165 3.0468 1.6840 9.0966 -1.5735 12.5550
Car -1 -1 -2.1092 858.4591 195.7488 1241.0000 374.0000 1.5087 1.5331 3.3827 2.9047 1.7131 4.7293 -1.5584 11.4425
Car -1 -1 0.4816 150.3827 177.3806 332.9622 240.3362 1.5502 1.5705 3.9344 -9.4937 1.6729 18.6890 0.0116 10.4147
Car -1 -1 2.2407 0.0000 205.2829 235.0334 374.0000 1.4631 1.5228 3.6020 -4.3817 1.7772 5.1519 1.5359 9.6285
Car -1 -1 -1.6993 668.7945 176.1449 737.0614 232.9210 1.6485 1.6656 3.8428 2.8387 1.7630 23.0972 -1.5771 8.8900
Car -1 -1 1.6985 467.5124 174.2387 519.7507 219.6764 1.6955 1.6034 3.7463 -4.6405 1.7551 28.9348 1.5395 8.8819
Car -1 -1 -1.6921 652.3337 175.6972 698.3439 214.1165 1.5655 1.5671 3.5614 2.7536 1.6970 31.4712 -1.6048 6.2146
Car -1 -1 -1.5723 537.3036 175.1121 554.5244 190.8090 1.4547 1.6050 3.8461 -6.1875 1.6785 69.4230 -1.6612 2.1021
