Car -1 -1 -0.3370 708.4247 180.6674 901.7348 251.5976 1.4370 1.5714 3.7654 4.1259 1.6181 15.7561 -0.0809 13.6491
Car -1 -1 3.5112 154.7827 172.8603 371.3010 241.1610 1.4905 1.6463 4.2134 -7.9446 1.4911 16.7204 3.0676 11.9248
Car -1 -1 0.6010 0.0000 172.5976 274.1895 272.4663 1.4864 1.5942 4.1960 -7.8910 1.4829 11.5353 0.0011 10.5581
Car -1 -1 3.8349 0.0000 173.6195 186.6586 309.1021 1.4969 1.6283 4.0187 -7.7403 1.5076 8.8444 3.1160 9.9803
Car -1 -1 -0.8610 935.7651 174.4351 1241.0000 374.0000 1.5613 1.6424 3.7910 4.4828 1.5752 5.0907 -0.1390 9.6128
Car -1 -1 3.3367 233.1298 161.2280 384.6531 221.2981 1.6994 1.6315 3.9433 -8.9357 1.3709 21.5964 2.9444 4.4396
Car -1 -1 -0.2610 688.2285 178.0056 841.9514 240.5445 1.4869 1.5600 3.4971 3.7854 1.6233 18.1729 -0.0556 3.5850
Car -1 -1 1.0467 1064.8306 174.1449 1135.1785 203.1362 1.6678 1.6671 4.1651 29.6322 1.7505 43.8330 1.6412 2.6890
Car -1 -1 -1.7667 457.8524 169.3671 490.7998 191.5346 1.6129 1.6669 4.1911 -10.3592 1.3595 54.7504 -1.9537 1.9491
Car -1 -1 3.1082 310.4297 160.4176 401.8053 198.8523 1.5394 1.5332 3.5321 -10.6753 1.0417 30.2543 2.7689 1.4517
Car -1 -1 0.2439 268.0127 158.3490 404.7681 215.7441 1.8384 1.6879 3.9960 -9.1133 1.3741 24.1788 -0.1165 0.1335
