Car -1 -1 3.5426 205.7490 170.1773 407.3364 234.8120 1.4941 1.6397 4.2048 -7.3013 1.4326 17.5090 3.1476 12.0389
Car -1 -1 -0.9600 0.0000 190.5630 352.0256 374.0000 1.4797 1.5355 3.7877 -2.9500 1.6276 4.1056 -1.5831 11.8656
Car -1 -1 -1.6546 678.9605 180.7560 761.0013 256.5338 1.5002 1.5272 3.5584 2.3594 1.7010 16.4822 -1.5124 10.0979
Car -1 -1 1.7072 478.6130 169.4287 546.1293 222.9359 1.6206 1.6748 4.0416 -3.1817 1.5172 23.8748 1.5748 9.3071
Car -1 -1 -1.7605 698.2682 176.2086 829.9960 291.2407 1.6181 1.5170 2.9841 2.3171 1.6799 11.7300 -1.5654 8.3216
Car -1 -1 -1.4117 518.8672 174.3796 567.1977 210.3361 1.4720 1.5499 3.6276 -2.9108 1.5431 31.5563 -1.5037 6.8721
Car -1 -1 1.5616 631.2567 170.9725 656.3899 195.2511 1.5717 1.6263 3.9822 2.2320 1.4502 48.7251 1.6074 6.5719
Car -1 -1 1.6634 567.8132 166.1591 589.3808 182.6250 1.4840 1.6362 4.0715 -2.9096 0.8810 67.1006 1.6201 5.3789
Car -1 -1 1.0678 938.4009 115.1362 1144.0912 202.7430 1.4558 1.6268 4.0598 8.0452 0.4970 14.0313 1.5884 1.1555
Car -1 -1 -1.3035 349.2041 169.3085 446.9859 228.9655 1.5699 1.6721 4.2429 -6.1054 1.4770 21.1185 -1.5849 -0.3689
Car -1 -1 1.7313 477.6917 152.6038 504.9504 171.1101 1.4708 1.6198 3.9250 -9.8022 -0.1486 59.6755 1.5685 -0.8354
