Car -1 -1 -1.8102 714.8663 187.6706 870.4253 304.4213 1.5290 1.5784 3.5883 2.7190 1.8068 11.7070 -1.5820 13.9166
Car -1 -1 0.6472 0.0000 181.2838 314.7641 303.1547 1.5410 1.6035 4.0064 -6.5530 1.6717 10.2047 0.0763 12.2259
Car -1 -1 -1.6844 662.2490 176.7685 730.8008 236.3336 1.6834 1.6649 4.0574 2.5783 1.8179 22.6850 -1.5712 9.9409
Car -1 -1 -2.7240 181.1398 169.9110 413.7902 259.4598 1.7644 1.6927 4.1352 -6.4550 1.7067 15.0876 -3.1282 9.3783
Car -1 -1 0.2727 303.5290 181.6427 459.7408 241.3016 1.5632 1.5984 3.8436 -6.2906 1.8179 20.0165 -0.0318 7.6794
Car -1 -1 0.3453 234.6613 180.1266 430.8695 247.8837 1.5449 1.6299 4.1317 -6.6523 1.7301 17.4845 -0.0182 5.5655
Car -1 -1 -1.6678 653.0319 183.2961 705.4919 227.2170 1.5645 1.6701 4.1378 2.6435 2.0111 28.7585 -1.5762 5.5173
Car -1 -1 3.3749 336.6925 178.0634 475.1848 233.4320 1.6602 1.6303 3.9213 -6.3792 1.8309 22.6944 3.1009 4.6855
Car -1 -1 -1.7016 637.5192 178.0382 676.6037 211.2084 1.6292 1.5831 3.5798 2.3853 1.9147 37.8509 -1.6387 4.5117
Car -1 -1 0.0898 489.0278 180.8534 550.9269 204.3782 1.5449 1.6377 4.0309 -6.0899 2.0970 48.8725 -0.0342 3.6736
