Car -1 -1 -0.9502 0.0000 195.3798 202.7419 307.5862 1.3884 1.5555 4.1977 -8.4002 1.5804 11.3838 -1.5859 14.4993
Car -1 -1 -1.3457 382.0348 178.0945 468.4378 236.9034 1.5572 1.6046 3.9196 -5.2593 1.3698 21.0062 -1.5910 13.1154
Car -1 -1 -1.2390 279.1643 186.8022 431.6700 281.3936 1.4909 1.5640 3.4537 -4.4713 1.5248 13.1136 -1.5676 11.8776
Car -1 -1 -1.4837 462.9788 157.8235 522.1252 218.9920 2.2734 1.9442 5.0033 -4.6240 1.2565 29.2763 -1.6404 9.5538
Car -1 -1 -1.2000 244.6913 182.5920 349.5442 239.1740 1.5085 1.5854 3.6701 -8.9938 1.4397 21.0223 -1.6042 9.1290
Car -1 -1 -1.5620 575.4959 176.9350 612.3930 211.9636 1.5531 1.6362 3.7166 -0.6677 1.1871 33.7366 -1.5818 9.0512
Car -1 -1 -0.7326 0.0000 205.7995 167.7821 375.0000 1.4746 1.6256 4.2354 -4.5168 1.6485 3.8961 -1.5917 8.5850
Car -1 -1 1.6607 515.9038 174.3497 545.4962 198.1823 1.5329 1.6172 4.0981 -5.1569 0.8351 48.2950 1.5543 2.6233
Car -1 -1 1.9410 247.9563 178.6897 284.0021 195.4052 1.4621 1.6018 4.0041 -30.8303 0.8924 64.9307 1.4977 2.2132
Car -1 -1 0.2341 375.7490 171.2437 481.3773 210.2907 1.5780 1.6490 3.9894 -7.4267 1.0145 29.8913 -0.0094 1.6709
