Car -1 -1 1.9060 269.5604 195.0924 406.4467 274.2677 1.4454 1.6272 4.1088 -6.0369 2.0151 16.3999 1.5533 14.4051
Car -1 -1 -1.7687 695.2532 176.4339 791.9106 243.2114 1.4840 1.6240 3.9348 3.1968 1.5847 18.2321 -1.5952 13.4684
Car -1 -1 1.8645 388.9505 189.2800 474.1701 241.2030 1.4839 1.6302 4.1054 -5.8719 2.0792 24.0372 1.6249 12.4510
Car -1 -1 2.0755 63.4052 205.5414 306.2558 336.0293 1.4209 1.5079 3.4768 -5.9340 1.9751 10.4757 1.5601 11.4481
Car -1 -1 -3.7747 1006.3791 131.8190 1241.0000 234.1805 1.6284 1.6388 4.0214 9.1750 0.9759 12.3098 -3.1342 10.5627
Car -1 -1 -1.7029 676.7628 177.0583 743.5327 229.5024 1.5609 1.6466 3.9812 3.1639 1.7115 23.7828 -1.5707 9.3833
Car -1 -1 2.3330 0.0000 216.8123 136.8507 374.0000 1.4820 1.6332 3.9098 -5.9029 1.9559 5.7879 1.5378 8.3186
Car -1 -1 2.5292 958.0090 134.4867 1193.5244 222.2227 1.7037 1.6326 3.8602 9.4603 0.9590 14.9143 3.0945 8.0251
Car -1 -1 1.7904 481.0439 183.9410 528.2043 214.7167 1.5105 1.6492 4.2321 -5.6868 2.1458 39.1482 1.6462 7.1917
Car -1 -1 -3.6582 826.6000 157.2674 993.1597 214.3554 1.5066 1.6084 4.0151 8.2413 1.0956 20.0917 -3.2689 6.8440
Car -1 -1 2.7474 893.6516 149.1456 1092.2284 220.7090 1.6068 1.5995 3.8523 8.9266 1.0748 17.1591 3.2271 6.5379
Car -1 -1 1.7222 519.6939 181.4055 549.4239 202.6268 1.4866 1.6284 4.0904 -5.6634 2.1553 54.3029 1.6183 3.7336
Car -1 -1 -1.6735 642.8808 178.2478 672.8323 202.0224 1.4904 1.5999 3.8163 3.1174 1.8644 48.0458 -1.6087 2.5461
Car -1 -1 1.8805 670.5652 162.9577 705.2933 181.6014 1.4770 1.6363 4.2197 6.4327 0.6933 59.4193 1.9884 2.2538
Car -1 -1 1.4212 416.9914 169.8684 452.2390 194.7447 1.5998 1.6997 4.1725 -11.8963 1.4082 48.6535 1.1814 0.1488
Car -1 -1 1.9858 411.3857 174.0435 458.0843 199.0276 1.4637 1.4924 3.5277 -10.7458 1.5402 44.3148 1.7479 -0.5965
