Car -1 -1 3.5218 56.6444 177.3229 280.8055 256.6804 1.5012 1.5747 3.6065 -8.9599 1.6001 14.8363 2.9785 10.3943
Car -1 -1 -1.7773 497.8631 177.1351 551.0116 215.0646 1.5722 1.6282 3.7285 -3.9368 1.7768 32.3910 -1.8982 8.9103
Car -1 -1 3.6768 0.0000 179.1830 230.6012 279.7813 1.4809 1.6009 3.6881 -8.4798 1.5924 11.7062 3.0499 8.8797
Car -1 -1 3.7921 0.0000 138.1076 152.9752 315.6460 1.9149 1.7231 3.8662 -8.1447 1.5405 8.8208 3.0465 8.3737
Car -1 -1 0.2604 121.8791 165.2838 319.7751 241.9110 1.7705 1.6574 4.0375 -9.5495 1.5959 17.9334 -0.2289 7.8123
Car -1 -1 3.2790 245.8303 171.3540 341.8520 206.1373 1.4586 1.5612 3.6611 -13.7620 1.3961 31.5016 2.8671 2.5200
Car -1 -1 -1.6486 443.5266 176.3701 463.6490 192.4432 1.4592 1.5830 3.6045 -14.8479 1.8020 68.3115 -1.8626 1.2818
Car -1 -1 0.0827 313.9553 157.0752 379.4209 179.2178 1.5010 1.6319 4.1630 -18.3056 0.4318 50.2450 -0.2666 0.9993
Car -1 -1 -1.6275 490.9068 160.0050 510.8943 176.5063 1.4701 1.6019 3.7312 -10.0631 0.3257 66.2702 -1.7782 0.5184
Car -1 -1 1.6854 479.0516 182.8745 506.5369 203.7440 1.4806 1.6265 4.0399 -8.9568 2.2764 55.2168 1.5246 -0.1743
