Car -1 -1 -1.7366 664.1199 175.1872 750.3292 243.6868 1.7546 1.7351 4.3754 2.6343 1.8295 20.8508 -1.6109 11.1591
Car -1 -1 -2.7321 188.1098 181.8245 409.9229 259.7162 1.5669 1.6354 4.0734 -6.6232 1.7708 15.5344 -3.1352 10.3313
Car -1 -1 0.3684 268.2890 182.9486 452.0909 247.5633 1.4966 1.6006 3.9912 -6.1398 1.7591 17.8568 0.0372 7.2914
Car -1 -1 -1.6807 647.9589 181.7254 694.0299 221.4009 1.5895 1.6003 3.7280 2.5750 2.0020 31.6328 -1.5995 7.1673
Car -1 -1 -2.7992 290.7981 186.4824 460.1168 241.0647 1.4342 1.6304 4.2234 -6.5502 1.8342 20.2733 -3.1117 6.0098
Car -1 -1 3.3371 354.5957 180.0905 477.7319 228.5518 1.5960 1.6116 3.8768 -6.6740 1.8562 24.9703 3.0759 5.1345
Car -1 -1 -1.6464 635.2804 182.3087 665.8223 208.1860 1.4550 1.5677 3.7085 2.3900 2.0539 43.8046 -1.5919 4.6465
Car -1 -1 0.1921 372.1285 170.9506 501.5853 220.9600 1.8375 1.7702 4.5415 -6.5519 1.7679 27.4877 -0.0419 3.8615
Car -1 -1 0.0834 462.2848 181.7971 532.1191 208.1683 1.4796 1.5975 3.9026 -6.5630 2.0128 42.0504 -0.0714 3.5253
Car -1 -1 -1.7310 658.5750 187.0711 719.8878 236.0016 1.5579 1.6000 3.7559 2.7342 2.1085 26.0053 -1.6263 3.2376
Car -1 -1 -1.3559 883.4735 193.6664 1169.5612 374.0000 1.4664 1.5673 3.5985 4.0214 1.7161 6.7911 -0.8213 2.2195
Car -1 -1 -3.0115 482.2629 176.0680 542.1000 200.3590 1.5460 1.6034 3.6820 -6.3620 1.7590 46.9431 -3.1462 1.9698
Car -1 -1 3.0840 487.9476 181.7001 545.1027 203.5646 1.5036 1.6366 3.9753 -6.7486 2.1527 51.7397 2.9543 0.3514
Car -1 -1 -0.5487 988.0333 172.4765 1241.0000 281.6254 1.7415 1.7680 4.7706 9.4277 1.7358 12.6117 0.0932 0.1463
Car -1 -1 1.7140 638.3435 155.3250 662.7447 172.7135 1.4710 1.5947 3.8904 3.5560 -0.0123 63.1344 1.7702 0.1182
Car -1 -1 3.2424 494.7632 178.4827 549.3899 199.4664 1.5545 1.6052 3.9741 -6.6659 1.9886 54.7458 3.1212 -0.4585
