Car -1 -1 -1.9801 0.0000 202.5540 131.0274 277.6316 1.4481 1.5958 3.7983 -13.1131 2.2062 16.7964 -2.6429 11.1894
Car -1 -1 -2.1915 158.2120 172.2309 401.1683 293.2816 1.9204 1.7835 4.4909 -6.2081 1.9109 13.3249 -2.6275 9.2358
Car -1 -1 1.3910 477.9133 183.3049 553.1793 237.4108 1.4616 1.6028 4.0745 -3.0822 1.8198 22.5180 1.2550 8.4618
Car -1 -1 3.3878 21.7785 187.8991 146.6045 227.5007 1.5261 1.6108 3.9818 -22.0847 2.1919 30.4230 2.7599 6.3358
Car -1 -1 1.6318 402.5167 181.8792 459.4467 232.5992 1.4293 1.5385 3.4803 -5.6401 1.7385 22.8390 1.3897 5.1022
Car -1 -1 -1.2036 661.6623 140.6740 720.0274 171.8946 1.4715 1.6041 3.9493 4.0811 -0.0507 36.2584 -1.0915 1.9879
Car -1 -1 -1.7015 1101.5071 166.0947 1178.4337 215.4908 1.5054 1.5846 3.6214 17.4476 1.2998 23.9561 -1.0720 1.6609
Car -1 -1 -2.9023 681.8708 153.1729 831.1189 214.8893 1.7592 1.7086 4.2243 4.4558 1.1986 22.2325 -2.7045 0.0876
Car -1 -1 1.1139 812.3364 147.4458 869.3811 175.1999 1.5587 1.6256 3.9442 13.5217 0.1321 42.5905 1.4214 -0.2289
Car -1 -1 1.3814 1183.0050 163.0103 1241.0000 216.4663 1.5025 1.5723 3.9176 19.0963 1.2261 22.3684 2.0881 -0.7474
