Car -1 -1 2.0840 0.0000 190.7329 348.4814 374.0000 1.6182 1.6360 3.9216 -4.5812 1.8716 8.2441 1.5768 13.5874
Car -1 -1 1.8844 281.7759 182.5428 442.7931 291.9883 1.6729 1.6365 3.9990 -4.4242 1.8799 13.3847 1.5652 12.9641
Car -1 -1 1.8516 384.8878 191.0440 491.1491 259.2360 1.4371 1.5726 3.9560 -4.2674 1.9495 18.2944 1.6224 11.5620
Car -1 -1 -1.7013 710.5622 172.9923 775.5606 226.4290 1.8217 1.7707 4.6746 4.8261 1.8276 26.9827 -1.5243 9.9289
Car -1 -1 1.7807 446.0255 185.8510 520.9844 238.6609 1.4618 1.5766 3.7962 -3.9545 1.9084 22.8453 1.6093 9.3581
Car -1 -1 1.2337 216.7981 158.7430 307.6687 208.7015 1.4452 1.5167 3.3986 -10.9840 1.0374 22.6050 0.7813 4.1292
Car -1 -1 1.6832 574.4825 179.5316 603.1958 202.1969 1.4620 1.5726 3.6525 -1.4475 1.9383 49.5357 1.6540 4.0257
Car -1 -1 0.4782 116.9446 183.8921 242.4846 228.4080 1.5900 1.6405 3.7224 -16.1589 2.0200 27.1565 -0.0585 1.8013
Car -1 -1 1.8056 504.5451 179.9745 540.3261 203.0005 1.4634 1.5842 3.7563 -5.9352 1.9668 49.0202 1.6851 0.4643
Car -1 -1 -1.7748 788.7047 172.1535 832.3283 200.4201 1.5330 1.6068 4.0272 11.3503 1.4953 41.1893 -1.5059 -0.3372
