Car -1 -1 2.0063 146.8893 188.1182 389.3297 337.1592 1.6394 1.6249 3.7155 -4.5709 1.8948 10.1853 1.5845 14.5944
Car -1 -1 1.8593 327.9721 184.4901 464.4826 279.5124 1.6831 1.6742 4.0167 -4.3911 1.9625 15.2867 1.5796 11.2370
Car -1 -1 1.8126 416.3220 190.3738 502.8216 249.4279 1.4145 1.5370 3.6618 -4.1604 1.9515 20.2424 1.6099 10.9299
Car -1 -1 1.7563 462.9134 186.3600 528.9029 235.6028 1.4910 1.5724 3.7412 -3.8784 1.9906 24.7763 1.6010 9.4306
Car -1 -1 -1.6567 708.8474 172.8156 764.7177 223.3171 1.8552 1.7805 4.7931 4.9526 1.8541 28.9655 -1.4873 7.4392
Car -1 -1 1.5165 274.2887 159.1715 332.5733 207.4470 1.5244 1.6232 4.0248 -10.7030 1.0927 24.9456 1.1112 6.7384
Car -1 -1 1.6561 575.9990 180.3258 603.9270 202.9594 1.5105 1.6652 3.9277 -1.4212 2.0649 51.4862 1.6285 4.4357
Car -1 -1 0.4353 156.2657 182.0752 278.3480 222.7536 1.5700 1.6385 4.0281 -15.8639 1.9558 29.2150 -0.0622 4.4299
Car -1 -1 -0.3690 841.1934 151.5339 920.2414 180.4228 1.5808 1.6298 3.8027 15.0492 0.4145 40.3170 -0.0118 -0.6262
Car -1 -1 1.6902 560.1032 174.1539 581.9486 190.1909 1.4902 1.6303 4.0545 -3.7394 1.6194 69.4557 1.6364 -0.8288
