Car -1 -1 1.4351 456.1914 180.7415 505.2979 219.4327 1.4148 1.4882 3.3597 -5.2759 1.7517 28.9540 1.2549 9.1121
Car -1 -1 1.9478 61.8982 181.9525 182.3178 241.6014 1.6338 1.6820 4.2461 -15.2099 1.9489 22.7010 1.3575 8.3885
Car -1 -1 2.3823 0.0000 195.1293 109.7809 374.0000 1.5403 1.5908 3.8906 -5.8876 1.7667 5.3598 1.5500 7.7457
Car -1 -1 -1.1145 0.0000 183.9805 118.8366 236.6252 1.4998 1.6423 4.0450 -17.9857 1.8972 23.6028 -1.7657 7.4708
Car -1 -1 -0.5828 527.6052 179.1591 591.8066 202.7300 1.4619 1.5538 4.0349 -3.3201 1.8941 47.5747 -0.6525 5.8672
Car -1 -1 0.7881 336.8120 181.9677 420.1832 212.9658 1.4659 1.6300 4.0931 -11.8444 1.9515 36.7583 0.4764 4.5692
Car -1 -1 2.7127 640.5467 177.1006 706.8897 198.8983 1.4850 1.6755 4.3982 4.4972 1.7962 51.2743 2.8002 4.2905
Car -1 -1 -1.8442 757.1411 150.8512 849.6307 213.2247 1.8701 1.7766 4.5120 6.2186 1.2108 23.9035 -1.5897 4.0565
Car -1 -1 -1.3940 505.9667 185.9226 532.5106 204.3984 1.4932 1.6158 4.1189 -7.9568 2.6796 63.3792 -1.5189 0.0415
Car -1 -1 -3.6531 1030.2088 142.5660 1185.7155 194.9294 1.8631 1.7653 4.4520 18.3011 0.7858 26.7463 -3.0531 -0.2176
