Car -1 -1 -1.6752 647.8106 182.9096 698.4882 222.6652 1.4778 1.6542 4.1834 2.5109 1.9256 29.9932 -1.5917 11.1479
Car -1 -1 0.4405 121.7598 176.5677 396.6488 269.5794 1.6988 1.7174 4.5425 -6.7496 1.7763 14.1163 -0.0056 10.2645
Car -1 -1 -2.5427 33.5356 178.7989 309.2338 290.9275 1.6419 1.5722 3.4955 -6.9401 1.7447 11.5422 -3.0841 9.9846
Car -1 -1 0.2998 329.0324 184.7270 486.7019 238.5003 1.5521 1.6857 4.3533 -6.1605 1.9315 22.1272 0.0282 9.7576
Car -1 -1 -2.7897 230.7250 186.3245 434.2576 258.5894 1.5413 1.6363 4.0399 -6.2943 1.8662 16.5420 -3.1533 8.3528
Car -1 -1 0.1465 422.0080 183.3497 522.1077 218.5511 1.4618 1.5803 4.0867 -5.9752 1.9310 31.3565 -0.0418 6.8692
Car -1 -1 -1.7938 698.7997 98.9311 915.1097 300.9496 2.6868 2.1585 6.0770 2.9420 1.7040 12.6383 -1.5651 3.7944
Car -1 -1 1.9548 375.0296 158.6169 408.2683 175.9204 1.4630 1.5529 3.5572 -19.0011 0.2596 62.8447 1.6612 1.5425
Car -1 -1 0.1105 478.3961 181.2715 543.7003 206.6449 1.4967 1.5758 3.7913 -6.0228 2.0196 43.9495 -0.0257 1.2871
Car -1 -1 0.1986 419.1018 163.1228 529.3495 212.9847 2.2833 1.8904 4.8306 -6.3708 1.8381 34.0162 0.0134 -0.2381
