Car -1 -1 -1.7988 694.1757 185.0705 794.5943 257.8704 1.4822 1.5776 3.3536 2.9999 1.7992 16.9800 -1.6239 11.7877
Car -1 -1 -1.6618 633.3797 160.2890 676.3940 205.4602 2.5911 2.1083 5.6811 2.6370 1.8707 44.2581 -1.6023 9.9369
Car -1 -1 3.8175 0.0000 182.6793 189.8537 359.5725 1.5258 1.6295 3.8539 -6.7077 1.6381 7.2720 3.0724 9.8163
Car -1 -1 0.3754 184.1012 179.7596 422.5987 264.4936 1.5706 1.6402 4.0556 -6.0188 1.7168 14.3748 -0.0212 9.8150
Car -1 -1 0.5322 0.0000 178.6067 321.3948 310.7464 1.5512 1.6047 4.1038 -6.2045 1.6341 9.4478 -0.0489 9.6868
Car -1 -1 -2.3092 924.9201 174.5018 1241.0000 374.0000 1.6674 1.6269 3.6080 3.1150 1.6800 3.5406 -1.5877 8.5242
Car -1 -1 -3.3670 742.0441 184.5258 873.3507 230.1368 1.4564 1.6225 4.0134 6.5541 1.8655 24.3758 -3.1043 8.4914
Car -1 -1 3.6099 65.6381 180.7294 361.6746 283.9660 1.5586 1.6404 3.9691 -6.4093 1.6983 11.8950 3.1157 8.0229
Car -1 -1 3.3283 317.3758 176.8605 468.5652 231.7528 1.5595 1.6286 4.1166 -6.4577 1.6859 21.6673 3.0386 7.6009
Car -1 -1 0.3138 249.4500 170.1610 444.2296 252.9048 1.8214 1.6846 3.9291 -6.0504 1.7625 16.7854 -0.0322 7.2763
Car -1 -1 2.9222 691.1970 176.4526 790.6507 212.3577 1.6713 1.6837 4.4449 6.2079 1.8495 34.7064 3.0992 6.4765
Car -1 -1 -2.9908 449.7769 177.3717 526.5788 206.7415 1.5985 1.6686 4.0367 -6.8109 1.8573 40.4026 -3.1578 5.2263
Car -1 -1 3.1873 480.2610 171.5133 542.6924 198.0155 1.6378 1.6027 3.8375 -6.2111 1.5553 45.5569 3.0518 1.1274
Car -1 -1 -1.3971 372.9914 165.9665 402.3009 184.8398 1.4701 1.6067 3.9371 -17.9357 0.9340 58.2552 -1.6958 1.1249
Car -1 -1 1.6659 535.7897 176.5896 557.9389 194.3452 1.5167 1.6153 3.8064 -5.6219 1.8601 64.3443 1.5788 -0.8338
