Car -1 -1 -1.8260 782.8548 168.2488 900.6093 245.8261 1.5771 1.6304 3.8198 5.1270 1.4838 16.6097 -1.5266 13.1379
Car -1 -1 -1.4924 567.9314 173.2715 642.6584 243.4058 1.6092 1.6250 3.6459 -0.0779 1.6213 18.4533 -1.4966 12.2099
Car -1 -1 -2.3498 0.0000 195.4807 216.6424 328.7876 1.4978 1.6136 3.6483 -7.4475 1.8279 9.4832 -3.0156 11.0984
Car -1 -1 -2.1160 937.8368 173.1344 1241.0000 374.0000 1.5736 1.5791 3.7302 3.3129 1.5763 4.2294 -1.4515 10.5819
Car -1 -1 -1.6766 764.3211 172.1317 832.5340 228.6673 1.6173 1.6351 4.0911 5.8023 1.5970 22.7793 -1.4272 9.0251
Car -1 -1 -1.6714 746.0775 162.7165 794.0402 206.9291 1.9088 1.7311 4.2531 7.2877 1.4715 33.3593 -1.4563 6.9374
Car -1 -1 -1.6056 634.6130 176.5599 671.5210 212.0836 1.4847 1.5175 3.4155 1.8400 1.6595 32.2367 -1.5486 5.7138
Car -1 -1 -1.5195 590.5045 171.6399 647.9867 229.3714 1.7184 1.6695 3.9195 0.3312 1.6826 23.4841 -1.5054 4.6151
Car -1 -1 -1.1232 413.0592 175.3454 452.2967 194.2851 1.4761 1.5995 3.8482 -14.4327 1.6866 58.8178 -1.3639 0.1189
Car -1 -1 -1.6751 731.7827 170.8053 761.7533 195.9892 1.6428 1.6126 3.7296 9.2166 1.5095 48.9895 -1.4892 -0.1713
