Car -1 -1 -1.2476 294.5794 183.7463 428.5230 262.2522 1.4886 1.5922 3.8046 -5.1906 1.4618 15.5293 -1.5702 15.0232
Car -1 -1 -1.0541 0.0000 195.1681 339.4608 375.0000 1.4537 1.5268 3.5529 -4.3548 1.5860 7.6950 -1.5691 12.7938
Car -1 -1 -1.5823 574.9610 174.9245 613.3962 212.3080 1.5991 1.6454 3.6090 -0.6745 1.1600 32.5754 -1.6030 9.3779
Car -1 -1 -1.4581 430.3443 155.1098 504.7886 229.5181 2.2218 1.8961 4.7511 -4.5768 1.3240 23.9020 -1.6473 8.9414
Car -1 -1 -1.1251 212.0134 180.4483 317.7760 228.3265 1.5476 1.6709 4.3041 -11.9930 1.3947 25.3886 -1.5664 7.5498
Car -1 -1 -1.0267 110.7765 184.8816 272.8212 257.2934 1.3962 1.5189 3.3264 -8.8563 1.3909 15.5391 -1.5448 5.6267
Car -1 -1 1.8537 368.6699 180.7933 430.0279 218.5658 1.5419 1.5895 3.6880 -8.9992 1.3625 31.1859 1.5728 5.2356
Car -1 -1 -1.6878 656.6470 173.4256 682.9294 192.9107 1.4459 1.5800 3.7420 4.7161 0.5721 55.2327 -1.6026 3.3676
Car -1 -1 -1.2363 316.0164 170.6480 402.3328 221.5385 1.6229 1.6369 3.8677 -8.5219 1.1595 24.8584 -1.5666 1.9022
Car -1 -1 -1.4068 459.6607 158.8534 526.3449 222.0688 2.2606 1.8412 4.5356 -4.4000 1.3190 27.9778 -1.5628 0.8241
Car -1 -1 -1.4787 500.7232 178.0145 534.4501 204.4401 1.4993 1.6300 4.0493 -5.3512 1.0918 42.8309 -1.6030 -0.4763
