Car -1 -1 -2.0530 793.1944 182.2718 1191.0046 374.0000 1.5217 1.6507 4.0784 3.2437 1.6441 7.2600 -1.6328 13.9332
Car -1 -1 1.9953 177.8817 187.6439 364.9117 293.6528 1.4264 1.5232 3.3084 -5.3884 1.7032 11.8249 1.5677 12.0773
Car -1 -1 -1.8577 739.5613 181.2503 891.9619 282.5477 1.4860 1.5715 3.6026 3.3839 1.6554 12.7053 -1.5975 11.4991
Car -1 -1 1.8942 298.9546 180.9663 433.5276 258.7214 1.5019 1.6433 4.1749 -5.4181 1.7109 16.4627 1.5763 11.4373
Car -1 -1 -1.8354 741.3335 153.3870 797.4681 191.6433 1.7087 1.6558 3.7626 7.4336 0.8396 34.1458 -1.6210 3.3093
Car -1 -1 0.7808 474.0915 177.6987 531.4450 201.3239 1.4496 1.5484 3.6279 -6.9840 1.7746 46.6604 0.6323 2.9691
Car -1 -1 -1.2546 459.7826 182.8573 494.8577 202.7897 1.4843 1.5812 4.0886 -10.6435 2.3184 57.9997 -1.4361 2.4459
Car -1 -1 1.5411 650.4095 177.9347 672.5714 197.8646 1.4905 1.6214 4.1849 4.0222 1.9084 57.1669 1.6114 2.3112
Car -1 -1 2.8814 692.0827 174.2780 744.2567 191.8014 1.4916 1.6560 4.1938 9.3486 1.6176 62.6420 3.0295 1.9836
Car -1 -1 -2.1670 999.1776 162.1979 1062.7976 186.5102 1.4723 1.5919 3.8366 26.5295 0.8274 45.6617 -1.6407 1.6204
Car -1 -1 1.7547 589.3738 174.4630 617.3899 192.9648 1.4767 1.6259 4.0240 -0.5385 1.6158 60.0775 1.7457 1.3283
