Car -1 -1 1.8131 434.7088 186.9996 490.8015 225.6992 1.4930 1.5583 3.5117 -6.2857 2.1347 30.9261 1.6126 11.2052
Car -1 -1 2.1940 0.0000 210.4777 243.9364 374.0000 1.4408 1.5938 3.9247 -6.0572 1.9775 8.3171 1.5645 11.0140
Car -1 -1 -1.6995 648.4908 176.8250 693.3396 212.6933 1.6038 1.6606 3.7811 2.8264 1.8053 34.6150 -1.6180 10.4369
Car -1 -1 -2.1356 918.4041 181.6633 1241.0000 374.0000 1.5146 1.6047 3.7457 2.9995 1.5851 3.7907 -1.4662 9.7206
Car -1 -1 -1.0732 172.8310 197.5641 241.6540 230.0526 1.4841 1.5825 3.6416 -20.9218 2.8338 37.5686 -1.5813 8.4597
Car -1 -1 -1.0433 134.3987 201.8721 201.3917 232.5087 1.4201 1.5343 3.4103 -23.5023 3.0352 38.4252 -1.5922 7.5172
Car -1 -1 1.7655 464.1021 187.1839 509.2488 219.3763 1.4614 1.5384 3.7981 -6.1973 2.2225 36.3795 1.5968 5.8246
Car -1 -1 -1.0100 88.1275 201.0534 159.3296 232.2287 1.4482 1.5549 3.4336 -25.8337 3.0175 38.4031 -1.6022 4.9622
Car -1 -1 -1.1289 230.6227 197.5634 295.1351 229.1785 1.4432 1.5848 3.7653 -18.1247 2.8017 37.7709 -1.5763 3.7126
Car -1 -1 1.3931 817.8526 161.2869 846.9808 180.1506 1.5002 1.6176 3.9293 18.2547 0.5806 59.4273 1.6911 3.5418
Car -1 -1 1.7266 495.9492 180.5931 532.6261 208.8542 1.6325 1.6641 3.9508 -5.9212 2.1344 44.7640 1.5950 1.0030
Car -1 -1 -1.9256 829.8365 166.2462 862.5437 183.2099 1.4606 1.5764 3.6662 20.8842 0.8920 63.9845 -1.6101 0.5007
Car -1 -1 0.2845 618.2780 181.9254 674.4661 202.0581 1.4777 1.6324 4.0350 2.7853 2.1961 55.6802 0.3344 0.0388
Car -1 -1 2.2571 0.0000 203.2500 84.6347 235.8722 1.4631 1.6919 4.4284 -30.7244 3.1892 38.7362 1.5865 -0.2523
Car -1 -1 -1.7609 757.0393 177.2488 824.8183 222.1884 1.4851 1.6338 4.0990 6.4631 1.6586 26.3374 -1.5202 -0.7289
