Car -1 -1 -0.4025 786.2488 180.5166 1033.4630 267.5178 1.5421 1.6121 4.0543 5.5459 1.6978 13.7817 -0.0199 12.2927
Car -1 -1 0.3151 313.3411 180.0790 475.3082 233.4475 1.5341 1.6513 4.4082 -6.4957 1.7623 21.8612 0.0263 11.3965
Car -1 -1 -1.6859 640.3186 182.4481 693.7096 222.9689 1.4179 1.6130 4.0560 2.1184 1.8217 28.2792 -1.6111 11.0616
Car -1 -1 0.8322 0.0000 197.4648 181.9249 374.0000 1.4597 1.6633 4.4757 -6.2521 1.6890 5.8495 0.0135 10.0493
Car -1 -1 3.7248 0.0000 176.5769 264.3310 331.2202 1.5965 1.6300 4.0648 -6.5348 1.6455 8.4569 3.0669 9.4590
Car -1 -1 3.5479 130.0230 186.6191 379.3393 273.4498 1.4831 1.5837 3.8697 -6.5387 1.7574 13.4787 3.0963 9.1541
Car -1 -1 3.6353 0.0000 189.2621 330.2526 298.6284 1.4813 1.6618 4.0995 -6.6808 1.7529 10.9888 3.0890 8.7552
Car -1 -1 0.2337 386.8898 172.6980 501.0507 214.8325 1.6576 1.6905 4.2338 -6.7067 1.6518 29.2453 0.0083 4.7161
Car -1 -1 0.1926 431.0108 181.3268 522.9983 213.2520 1.4675 1.6110 4.0850 -6.3356 1.8819 34.4301 0.0106 3.4433
Car -1 -1 1.6380 551.3893 179.0769 576.6906 200.5091 1.4708 1.5862 3.8547 -3.3424 1.9412 52.5652 1.5745 2.3710
Car -1 -1 -1.6246 522.1165 178.5644 543.7849 196.9546 1.4497 1.5905 3.7321 -6.4636 1.9411 60.0688 -1.7318 2.2151
Car -1 -1 1.5727 622.0159 176.8776 643.3048 196.9636 1.4812 1.5925 3.7813 1.7309 1.8039 55.8886 1.6037 1.9032
Car -1 -1 3.2298 460.0101 177.3057 523.7300 202.7422 1.4849 1.5801 3.6555 -7.0928 1.7586 43.3651 3.0677 1.3661
Car -1 -1 -2.9403 464.4777 182.1702 537.2353 209.8920 1.4740 1.5887 3.7319 -6.0286 2.0004 39.8494 -3.0904 -0.1497
