Car -1 -1 -0.3658 752.5168 181.3556 934.6874 244.3515 1.4362 1.5668 3.9234 5.5621 1.6544 17.5883 -0.0595 12.5544
Car -1 -1 0.6842 0.0000 194.4066 266.7499 354.4504 1.4039 1.5792 4.0632 -5.9524 1.6471 7.3351 0.0025 11.1888
Car -1 -1 0.6021 0.0000 193.4414 330.5479 314.3338 1.4189 1.5966 4.2210 -6.1983 1.7183 9.6196 0.0298 10.8407
Car -1 -1 0.2484 354.9310 179.0172 491.9024 224.2987 1.5392 1.6518 4.4327 -6.5815 1.7652 25.5835 -0.0034 10.7975
Car -1 -1 -1.6608 636.7938 181.4082 680.3404 216.4360 1.4127 1.5801 3.7152 2.0511 1.8135 31.8922 -1.5966 9.9208
Car -1 -1 3.5721 60.6764 174.9499 365.7893 281.4518 1.6593 1.6797 4.2277 -6.5837 1.6981 12.2480 3.0789 9.8525
Car -1 -1 -0.6917 992.4804 180.2572 1241.0000 343.2754 1.5603 1.5732 3.4760 6.2307 1.6490 7.7940 -0.0173 9.5910
Car -1 -1 -2.7721 235.3210 183.0780 428.4169 248.1876 1.4586 1.6307 3.9877 -6.5898 1.7151 17.2447 -3.1371 8.5745
Car -1 -1 -2.7286 152.8464 183.9126 399.4324 263.5389 1.5068 1.6649 4.2702 -6.7319 1.7466 14.7555 -3.1566 6.3229
Car -1 -1 -0.8582 1146.9985 209.3344 1241.0000 374.0000 1.4482 1.5358 3.6748 6.5084 1.7699 5.5774 0.0041 3.6812
Car -1 -1 1.6825 552.6658 177.8939 579.1697 198.3283 1.5094 1.6174 4.1691 -3.4376 1.9190 56.4629 1.6216 2.8295
Car -1 -1 -1.5968 635.1245 178.0785 665.0575 205.7987 1.4759 1.5935 3.7396 2.2052 1.7869 41.0174 -1.5431 1.9160
Car -1 -1 0.0966 474.7768 174.5612 532.7996 197.4775 1.4671 1.5548 3.6220 -6.9422 1.5811 47.1842 -0.0495 1.3915
Car -1 -1 -1.5417 618.1402 175.7221 638.6181 194.5777 1.4939 1.5842 3.9724 1.5277 1.7401 59.8081 -1.5162 0.0205
