Car -1 -1 1.8245 370.5163 179.8027 434.9741 218.8036 1.5544 1.6891 4.3217 -9.0531 1.8812 31.7129 1.5464 9.7012
Car -1 -1 -1.6427 584.1146 176.5450 612.2129 200.3701 1.5164 1.6142 3.7611 -0.8605 1.7747 48.4698 -1.6604 3.8803
Car -1 -1 1.8544 364.2614 173.1962 415.1902 207.0496 1.8393 1.7166 4.0706 -12.5671 1.8602 41.2855 1.5589 1.5255
Car -1 -1 1.8177 376.7009 178.5953 448.3400 224.7790 1.5432 1.6341 3.9106 -7.2177 1.7706 26.5666 1.5524 0.9663
Car -1 -1 1.9095 284.9508 181.9582 397.9181 244.8734 1.4556 1.6094 3.8752 -7.0441 1.7229 19.2025 1.5579 0.7627
Car -1 -1 1.7725 412.1701 176.6275 467.0331 214.1306 1.5323 1.6274 3.7747 -7.4719 1.7088 31.7728 1.5415 0.3697
Car -1 -1 1.7537 439.3381 175.6737 485.2976 208.6830 1.5832 1.6326 3.8209 -7.5204 1.7351 36.8573 1.5524 0.2851
Car -1 -1 1.7505 463.0833 178.5515 500.5809 204.2774 1.4639 1.5984 3.7333 -7.7570 1.8245 43.7526 1.5751 0.0729
Car -1 -1 1.3463 1012.4018 118.0893 1147.1568 197.1815 1.4656 1.5829 3.7167 9.7788 0.4511 15.3832 1.9125 -0.1120
Car -1 -1 1.0236 1032.4557 148.6812 1185.1513 210.9786 1.5545 1.6212 3.9965 13.5911 0.9517 20.0377 1.6196 -0.6757
