Car -1 -1 -1.8701 768.2826 177.7651 974.5341 323.4405 1.6194 1.6222 3.5027 3.2831 1.6992 9.9051 -1.5500 12.0684
Car -1 -1 3.5631 123.2339 184.5075 396.9067 266.5948 1.4003 1.6099 4.2954 -6.3911 1.6310 13.4033 3.1182 11.7860
Car -1 -1 -1.7965 722.8023 178.6790 843.0936 266.5352 1.5659 1.5917 3.7124 3.3820 1.7021 14.9629 -1.5742 11.6410
Car -1 -1 -1.7388 677.9645 182.9439 731.4470 222.7167 1.4198 1.5393 3.2755 3.6087 1.8388 28.2686 -1.6118 11.5414
Car -1 -1 0.7773 0.0000 183.4238 249.2186 374.0000 1.5056 1.6183 4.2041 -5.7939 1.6144 6.4900 0.0485 10.3432
Car -1 -1 3.4210 282.3414 180.2767 448.7859 242.2786 1.5274 1.5917 3.8315 -6.3382 1.7309 18.8639 3.0968 10.2987
Car -1 -1 0.2326 401.9519 181.9478 517.7764 225.1028 1.4782 1.5451 3.8157 -5.3731 1.8152 25.8854 0.0280 7.0604
Car -1 -1 0.2021 335.0904 179.9836 489.8604 235.3997 1.5232 1.6222 4.1044 -5.6985 1.7404 21.0091 -0.0628 6.6262
Car -1 -1 0.2032 415.8131 173.0981 524.3065 216.5753 1.6555 1.6200 3.9346 -5.4755 1.6657 28.3144 0.0122 6.0306
Car -1 -1 3.3721 358.9922 179.3050 491.6517 226.8583 1.4774 1.5937 3.9213 -5.9777 1.6951 23.4737 3.1227 4.3088
Car -1 -1 -1.6376 647.4329 165.9209 679.5073 200.3164 2.5141 2.0669 5.9043 4.0360 2.0077 55.6956 -1.5652 4.0883
Car -1 -1 0.1841 469.2774 164.2650 538.0921 189.9679 1.4837 1.6008 3.7838 -6.2644 0.9882 42.5183 0.0378 2.4829
Car -1 -1 -1.5115 539.0124 177.8380 564.3568 199.3517 1.4949 1.6260 4.0056 -4.2828 1.8759 53.0883 -1.5920 1.8967
Car -1 -1 1.1217 880.5777 164.0205 919.4774 182.1649 1.5553 1.6250 3.9776 25.6076 0.7985 63.8858 1.5029 0.5731
Car -1 -1 3.2065 521.2081 175.4660 574.5399 196.3540 1.6242 1.6265 4.1145 -4.9162 1.8346 57.1722 3.1207 0.2150
Car -1 -1 1.8283 431.1367 167.8020 458.3747 183.4215 1.4809 1.6310 3.9886 -16.1095 1.0023 70.4279 1.6034 -0.1318
