Car -1 -1 1.9504 258.4548 192.9640 394.6727 276.0557 1.5405 1.5817 3.6149 -6.1940 2.0394 16.0698 1.5825 13.3020
Car -1 -1 -1.7579 678.6257 177.6718 767.0564 243.2686 1.5737 1.6346 3.9641 2.9011 1.7185 19.6167 -1.6111 11.7496
Car -1 -1 1.8727 354.9296 189.7533 451.1994 249.4220 1.5203 1.6260 4.0603 -6.1067 2.0746 21.5942 1.5971 11.3328
Car -1 -1 1.7311 434.6118 179.7237 491.0066 224.0106 1.6728 1.6675 4.0405 -6.0695 1.9778 29.9396 1.5311 7.3274
Car -1 -1 1.7266 464.7464 183.8568 508.5862 216.1670 1.4937 1.6113 3.8877 -6.2415 2.0827 36.6401 1.5578 6.6515
Car -1 -1 1.7620 526.6513 181.8228 553.0993 200.0508 1.4716 1.5872 3.7263 -6.0227 2.2676 62.0773 1.6653 3.1850
Car -1 -1 1.5672 633.4656 175.7608 651.2971 192.0052 1.4858 1.6483 4.0394 3.0593 1.7715 68.7799 1.6116 2.4258
Car -1 -1 1.6366 562.2499 181.0164 583.5799 198.3180 1.4924 1.6850 4.2854 -3.4020 2.2686 66.4252 1.5854 2.1064
Car -1 -1 1.3040 804.4078 162.0277 844.9336 184.6655 1.4929 1.6446 4.0889 14.6824 0.7793 49.6405 1.5916 0.5805
Car -1 -1 1.7638 494.2517 184.4876 530.9528 209.4140 1.4809 1.6247 3.9950 -6.3012 2.2690 46.8123 1.6300 -0.2402
Car -1 -1 0.8420 1157.0387 143.3579 1241.0000 192.2777 1.8317 1.7497 4.4518 24.7501 0.7276 29.2623 1.5441 -0.3470
Car -1 -1 -1.4838 677.2466 185.4171 726.2799 227.7582 1.4865 1.5962 3.9448 3.6639 2.0226 28.6701 -1.3567 -0.7839
