Car -1 -1 -1.8114 669.2485 183.0628 812.2792 289.2910 1.6447 1.6409 3.8120 2.1897 1.6125 13.0880 -1.6456 14.4096
Car -1 -1 -1.3082 299.8931 190.0052 414.7559 266.0124 1.4661 1.5204 3.5410 -5.4458 1.5854 15.9088 -1.6380 14.2785
Car -1 -1 -1.0338 0.0000 187.5262 278.3454 375.0000 1.5626 1.5640 3.7106 -4.8523 1.5927 7.1157 -1.6323 13.3166
Car -1 -1 -1.3818 386.9873 187.0234 463.1816 239.5579 1.4848 1.6081 3.8111 -5.6312 1.5472 22.3960 -1.6281 13.0036
Car -1 -1 -1.5694 539.1843 180.6728 580.5532 221.4152 1.5719 1.5956 3.4621 -2.0025 1.3977 29.5103 -1.6372 12.4274
Car -1 -1 -1.1678 168.7603 164.5652 313.7977 250.1587 2.0844 1.8319 4.7796 -9.9671 1.5827 19.9431 -1.6313 9.2352
Car -1 -1 -1.6774 576.7619 183.1287 602.4453 202.3560 1.4421 1.6008 3.7454 -1.4585 1.2867 55.8763 -1.7034 4.7602
Car -1 -1 1.7094 461.0699 180.9910 498.6421 208.1309 1.5328 1.6478 4.0864 -7.5645 1.2953 42.6674 1.5340 4.3568
Car -1 -1 1.7326 418.1654 181.8392 475.7373 220.6571 1.5183 1.6830 4.3980 -6.7378 1.3874 30.3566 1.5142 4.2887
Car -1 -1 -0.9797 0.0000 155.9399 111.8138 277.4401 1.4648 1.5649 3.6064 -9.1839 1.1130 10.5498 -1.6960 2.8121
Car -1 -1 1.8168 412.7694 179.1081 447.5130 199.9024 1.4695 1.5445 4.0296 -13.0203 1.0390 52.8146 1.5751 2.3645
Car -1 -1 1.7235 434.9428 175.7098 459.6951 192.8179 1.4883 1.5986 3.8801 -14.3756 0.6625 64.5190 1.5043 2.0296
Car -1 -1 -1.4927 530.4344 184.0674 565.3008 212.6993 1.4735 1.5842 3.9016 -3.2268 1.4155 38.9444 -1.5753 1.8701
