Car -1 -1 -0.9551 0.0000 192.3886 191.4348 316.1783 1.5044 1.6306 4.0506 -8.3696 1.6360 11.0217 -1.6046 14.5616
Car -1 -1 -1.1848 224.9562 188.1845 411.7309 291.9958 1.4633 1.5884 3.7643 -4.6939 1.5224 12.1327 -1.5539 13.9284
Car -1 -1 -1.5761 580.4772 172.9219 634.5889 225.6947 1.5912 1.6322 3.5727 -0.0638 1.2217 23.4644 -1.5788 11.8559
Car -1 -1 -1.4706 499.8980 174.3801 540.9355 209.7800 1.5858 1.5727 3.6554 -4.1171 1.1015 34.0421 -1.5910 6.2903
Car -1 -1 -1.3187 381.4785 180.1644 437.0464 215.3520 1.4727 1.5594 3.4524 -8.7552 1.2624 31.8204 -1.5872 5.0103
Car -1 -1 -1.4012 408.0491 142.2878 506.4705 233.3722 2.4996 2.0616 5.7459 -4.5813 1.3227 22.6266 -1.6009 4.9556
Car -1 -1 -1.5516 573.6375 178.2382 610.2792 212.9052 1.5034 1.5890 3.7130 -0.7257 1.2019 33.0288 -1.5736 4.0489
Car -1 -1 2.0396 217.6274 180.3846 294.2593 213.2801 1.4691 1.6287 4.0114 -16.6268 1.2545 34.1188 1.5861 1.1836
Car -1 -1 -1.5237 514.7740 175.4801 542.4986 199.9208 1.5233 1.6150 3.8751 -5.1348 0.9177 46.7853 -1.6330 0.1413
Car -1 -1 -1.6636 663.8271 171.6655 687.9467 191.3828 1.5989 1.6476 3.9581 5.6665 0.5012 60.2688 -1.5699 -0.1936
Car -1 -1 2.1252 140.5910 192.3514 194.4779 213.5354 1.4779 1.6048 3.8966 -32.6597 2.0287 53.4171 1.5765 -0.2657
