Car -1 -1 -2.2345 531.4374 199.5197 889.9050 374.0000 1.5350 1.5083 3.2210 0.6269 1.8440 6.5835 -2.1396 12.0100
Car -1 -1 -1.9282 409.3111 205.7160 612.1313 352.5289 1.5652 1.6394 4.0050 -1.7271 2.1551 10.7966 -2.0868 11.4314
Car -1 -1 -1.8108 350.6190 211.3040 475.3367 303.9907 1.4178 1.5852 3.6842 -4.1651 2.3069 14.6814 -2.0873 10.7795
Car -1 -1 -1.7730 288.0764 201.7558 379.3700 275.2879 1.5951 1.5768 3.3754 -7.3664 2.4284 18.9459 -2.1438 7.2924
Car -1 -1 1.7479 0.0000 227.2816 49.9030 343.0232 1.5222 1.5572 3.5314 -11.5438 2.6630 13.2014 1.0294 5.7009
Car -1 -1 -1.3789 1215.3781 151.1323 1241.0000 182.3079 1.4840 1.6102 4.1891 31.9999 0.4504 36.2580 -0.6558 4.7677
Car -1 -1 -1.5775 29.6095 210.2786 96.6398 273.3521 1.6402 1.5863 3.3975 -17.2953 2.9163 22.7621 -2.2273 4.3240
Car -1 -1 -1.6908 237.1284 209.5951 293.4825 253.8515 1.4710 1.6116 3.9492 -14.2131 3.0836 29.5609 -2.1390 2.9643
Car -1 -1 1.9740 212.8818 197.2031 272.3746 227.4819 1.4710 1.5680 3.8514 -20.4225 2.8946 40.1986 1.5039 1.5501
Car -1 -1 -0.9169 311.3603 190.7604 361.5588 212.8232 1.4876 1.6023 3.6717 -20.3953 2.8742 53.8646 -1.2788 1.0688
Car -1 -1 -2.4831 306.4484 192.4349 364.2664 214.9854 1.4650 1.5792 3.5455 -19.1841 2.8662 50.3465 -2.8472 -0.6860
