Car -1 -1 -2.4047 763.9666 177.2784 901.1093 233.7127 1.4244 1.5514 3.5958 6.1534 1.5621 20.4536 -2.1124 11.1823
Car -1 -1 -1.7702 626.6201 177.8009 674.6751 211.1713 1.4098 1.5487 3.2741 1.7537 1.6464 32.7257 -1.7166 10.8731
Car -1 -1 3.7119 40.4827 178.2252 305.0571 282.2929 1.5539 1.5294 3.3720 -6.9956 1.6472 11.6705 3.1719 9.3312
Car -1 -1 3.5815 126.1460 185.0240 362.9406 267.8705 1.4429 1.5877 3.6715 -6.8280 1.6876 13.6478 3.1176 7.7537
Car -1 -1 3.2978 372.3730 179.8154 478.5996 218.6728 1.4462 1.5542 3.8198 -7.1706 1.7274 28.1450 3.0483 7.7113
Car -1 -1 3.5091 198.0970 155.3380 427.9659 252.1295 2.0355 1.7986 4.3944 -6.5317 1.6675 16.1088 3.1239 6.2975
Car -1 -1 -1.6416 610.3584 176.4271 642.6309 202.7738 1.4515 1.6076 3.9414 0.8899 1.6713 42.3010 -1.6206 4.6267
Car -1 -1 -2.8236 297.3247 180.2739 446.1464 228.9135 1.5065 1.6569 4.2864 -7.6972 1.7563 23.4273 -3.1411 4.6059
Car -1 -1 1.6493 493.9941 177.1237 524.2055 201.3209 1.4779 1.6318 4.0629 -6.5432 1.7679 46.8753 1.5106 4.4016
Car -1 -1 3.3557 416.1487 178.5488 492.3113 209.9882 1.4850 1.5292 3.3773 -7.5813 1.7686 35.1229 3.1431 3.1573
Car -1 -1 -3.1458 658.1181 166.4162 701.2641 183.3729 1.4920 1.6019 3.7890 6.1960 0.9259 64.4566 -3.0500 0.9512
