Car -1 -1 -1.9601 828.1346 189.9173 1132.6318 374.0000 1.4786 1.5680 3.6743 3.6155 1.7104 7.9149 -1.5316 13.8311
Car -1 -1 -1.8100 722.9947 175.1201 863.4690 278.7290 1.6434 1.6509 3.6429 3.1621 1.6914 13.3486 -1.5774 11.3589
Car -1 -1 1.8719 282.8660 195.8429 456.8407 321.4506 1.4684 1.5276 3.1697 -3.3924 1.8575 10.6060 1.5623 11.2639
Car -1 -1 -2.3367 999.5356 197.1927 1241.0000 374.0000 1.5017 1.5793 4.1080 3.6154 1.6881 3.4257 -1.5244 10.1849
Car -1 -1 1.6992 461.5258 168.6880 539.5018 236.5655 1.8586 1.7738 4.5743 -3.2693 1.7449 22.0574 1.5521 10.1392
Car -1 -1 -1.6809 667.9613 179.3374 728.0900 225.8918 1.4985 1.6646 4.2787 3.0345 1.7515 25.9641 -1.5646 9.8136
Car -1 -1 2.1885 0.0000 214.9172 320.6072 374.0000 1.4175 1.6164 4.0580 -3.2301 1.7769 4.0885 1.5199 7.7449
Car -1 -1 1.6619 536.8231 177.2122 570.2369 204.6984 1.5618 1.6527 4.1114 -3.4075 1.8387 43.7173 1.5841 6.7537
Car -1 -1 -0.9433 739.9172 157.1116 793.8408 179.8949 1.5122 1.6394 3.9375 10.8275 0.4677 49.8114 -0.7293 5.0841
Car -1 -1 1.3537 694.6792 179.9968 784.7241 243.5454 1.5565 1.6308 3.9453 3.4511 1.7761 20.1312 1.5234 3.7712
Car -1 -1 -1.6384 645.4293 175.9855 676.5971 203.7196 1.5454 1.5802 3.5914 2.9256 1.7377 42.4065 -1.5695 3.3151
Car -1 -1 -0.9803 751.3470 156.1830 801.8953 179.6059 1.4492 1.5241 3.4126 10.6968 0.4181 46.3627 -0.7536 2.7842
Car -1 -1 -1.6644 654.1193 175.4981 690.6826 207.5054 1.5912 1.5886 3.4474 3.1964 1.7367 37.8841 -1.5802 2.2386
Car -1 -1 1.7453 463.7801 146.6333 506.1156 179.3101 1.7768 1.7129 4.0192 -7.1241 0.3514 41.2423 1.5743 -0.0623
Car -1 -1 -1.7045 779.4415 149.8726 817.6591 177.7394 1.4701 1.5611 3.6980 10.3644 0.2581 39.9905 -1.4509 -0.6218
