Car -1 -1 -1.8832 745.1898 190.3519 989.6354 358.3301 1.4989 1.5869 3.7459 2.7362 1.7560 8.7061 -1.5787 14.5203
Car -1 -1 -1.7103 669.6712 177.6047 752.9511 248.6307 1.7168 1.6915 3.8831 2.5995 1.8594 19.6471 -1.5787 11.9178
Car -1 -1 0.7703 0.0000 185.1214 221.2496 374.0000 1.6287 1.6610 4.1816 -6.4678 1.7673 7.2139 0.0394 10.0924
Car -1 -1 3.6291 68.8833 168.4066 368.0204 283.9500 1.7975 1.6906 4.0884 -6.4286 1.7287 12.0715 3.1398 10.0878
Car -1 -1 0.4055 162.4469 184.9148 401.2014 269.1128 1.5644 1.6194 4.0562 -6.5022 1.8210 14.4877 -0.0164 8.6458
Car -1 -1 0.3256 244.0875 184.5051 436.1649 255.7910 1.5683 1.5802 3.9400 -6.2945 1.8569 16.9956 -0.0291 7.6732
Car -1 -1 -1.7167 654.4656 182.8178 717.4938 232.1439 1.5470 1.6326 3.9601 2.5519 1.9268 25.4565 -1.6168 7.3793
Car -1 -1 3.4180 295.0412 177.7190 458.3875 243.3973 1.7034 1.6260 3.9548 -6.3252 1.8427 19.7207 3.1077 6.9346
Car -1 -1 -1.5624 633.5075 181.8759 658.0809 205.4665 1.4706 1.5850 4.0255 2.3955 2.1044 48.6039 -1.5131 3.4428
Car -1 -1 -1.6995 641.6078 176.9936 686.5143 215.9921 1.7617 1.6774 3.8644 2.5246 1.9742 34.9880 -1.6274 3.2543
Car -1 -1 0.1452 478.7663 181.3413 543.2243 207.3640 1.6044 1.6150 3.8658 -6.2877 2.1538 45.8467 0.0089 2.8267
