Car -1 -1 -1.2315 261.0963 188.1901 427.1481 283.3344 1.4755 1.6001 4.0112 -4.6878 1.5398 13.2752 -1.5710 14.5686
Car -1 -1 -1.3811 423.6241 181.9655 495.3436 231.8726 1.4394 1.5491 3.5921 -4.6010 1.3468 22.5345 -1.5825 12.7560
Car -1 -1 -0.9708 0.0000 184.3674 202.7402 300.6029 1.5838 1.5721 3.7075 -8.4176 1.5733 11.6640 -1.5959 12.3149
Car -1 -1 -1.0620 132.2791 179.5520 256.4087 236.5284 1.5474 1.6038 3.6765 -12.1731 1.3947 21.3653 -1.5799 12.2782
Car -1 -1 -1.5580 575.5071 175.9196 610.6065 209.1835 1.5668 1.6534 3.8035 -0.7407 1.1301 35.7636 -1.5787 8.7801
Car -1 -1 -1.2842 359.4560 179.3074 423.1243 218.4780 1.5634 1.5869 3.7853 -9.1624 1.3287 30.5829 -1.5752 7.1368
Car -1 -1 -1.4788 495.4140 164.9245 538.2798 207.0798 2.1252 1.8539 4.7914 -4.8471 1.1034 38.6614 -1.6035 6.5072
Car -1 -1 -1.4250 452.5739 178.5724 504.4467 217.5886 1.5471 1.6157 3.8872 -5.4439 1.2848 30.4689 -1.6018 6.4149
Car -1 -1 -1.1774 240.6602 185.4877 349.7964 241.8793 1.4465 1.5701 3.5496 -8.7086 1.4560 20.2375 -1.5838 5.7361
Car -1 -1 -0.7143 0.0000 204.7887 183.3540 375.0000 1.4950 1.6017 4.0662 -4.2066 1.6507 3.6402 -1.5717 5.6010
Car -1 -1 -1.3795 431.5985 173.2833 472.9270 201.8441 1.5689 1.6371 3.7863 -8.9271 0.9145 41.3937 -1.5919 4.6500
Car -1 -1 -1.1531 301.4041 162.3613 358.2330 189.5909 1.5109 1.6316 3.9385 -16.1487 0.2439 41.8898 -1.5211 3.9015
Car -1 -1 -1.3087 353.5485 179.2685 402.2524 207.9584 1.4879 1.5973 3.8162 -12.5055 1.1806 39.2206 -1.6174 1.7731
Car -1 -1 -1.4130 383.3701 168.9180 410.0854 187.0247 1.4629 1.5802 3.6992 -17.5948 0.1473 60.0105 -1.6982 0.5504
Car -1 -1 -1.3250 410.5791 178.9521 443.3411 199.2878 1.4560 1.5510 3.4891 -13.3617 1.0086 53.2086 -1.5710 0.2439
