Car -1 -1 2.1709 0.0000 196.2767 205.7562 312.8814 1.4482 1.6452 4.3536 -8.7892 1.9110 12.0434 1.5405 12.7357
Car -1 -1 1.8137 390.2984 180.3741 442.4801 215.6986 1.6177 1.6289 3.8170 -9.5708 2.0111 35.7827 1.5524 7.2189
Car -1 -1 -1.5915 587.8496 174.6571 614.1303 199.7657 1.5564 1.6231 3.8766 -0.6525 1.6791 46.9709 -1.6054 3.6467
Car -1 -1 1.8099 379.8184 178.3583 450.5155 223.2143 1.5330 1.6480 4.0983 -7.2960 1.7569 27.2320 1.5481 3.0880
Car -1 -1 -1.5183 551.0292 177.9827 573.4596 197.0208 1.4695 1.6173 4.0229 -3.8846 1.9023 58.8036 -1.5843 2.7048
Car -1 -1 1.8584 324.5604 180.3073 416.5001 238.0322 1.5665 1.6308 3.8526 -7.2349 1.8146 22.0309 1.5411 1.3633
Car -1 -1 1.7675 460.7679 175.1090 494.3675 198.3290 1.8665 1.8192 5.1973 -11.1805 2.0661 61.1177 1.5865 0.9568
Car -1 -1 1.7353 433.6626 178.7457 481.7322 211.6849 1.4648 1.6334 4.0381 -7.3313 1.7667 34.8707 1.5281 0.3655
Car -1 -1 -3.1317 1111.8981 140.5899 1212.8932 171.9147 1.5094 1.6226 4.0124 28.0204 -0.0499 36.7489 -2.4802 -0.1506
Car -1 -1 -2.1843 963.1099 159.4901 1189.5813 260.6010 1.5891 1.5978 3.7270 8.2251 1.3794 13.2439 -1.6286 -0.8340
