Car -1 -1 -1.2026 227.7451 192.7951 408.0798 295.7960 1.4012 1.5370 3.5747 -4.5967 1.5459 11.8277 -1.5733 14.1924
Car -1 -1 -1.1333 156.8725 186.1715 313.0851 259.1289 1.4676 1.6374 3.9757 -8.3986 1.4934 16.5232 -1.6036 12.4517
Car -1 -1 -1.3552 399.5384 180.4900 491.3861 238.4332 1.4539 1.6360 4.2050 -4.4570 1.3365 20.1379 -1.5730 11.9730
Car -1 -1 -1.5490 575.8689 176.6450 655.0784 256.7025 1.6127 1.5986 3.3531 0.1587 1.4412 16.1778 -1.5392 11.4369
Car -1 -1 -0.9128 0.0000 187.0215 143.7120 260.6206 1.4732 1.6199 4.0870 -12.8447 1.5210 16.5316 -1.5733 8.3696
Car -1 -1 -1.3611 366.4807 182.1370 427.1140 220.1377 1.4434 1.6099 3.8047 -8.5420 1.3276 29.2588 -1.6452 5.7606
Car -1 -1 -1.5680 543.6176 169.2157 564.2030 189.5519 1.7473 1.7657 4.6384 -4.8087 0.3737 64.1368 -1.6428 4.6776
Car -1 -1 -1.2465 327.6549 165.9990 396.3851 207.2646 1.9260 1.8157 4.7914 -12.2063 1.0302 35.9460 -1.5738 4.0176
Car -1 -1 1.6379 651.0090 181.0143 674.9690 200.1987 1.5121 1.6762 4.2712 4.5445 1.1821 58.8896 1.7149 3.1354
Car -1 -1 -1.4243 470.4520 168.3187 533.6428 219.6826 1.8943 1.8096 4.9606 -4.1920 1.2723 28.9908 -1.5679 2.7744
Car -1 -1 1.9847 255.7440 170.3590 337.0158 209.7059 1.4678 1.5664 3.8407 -12.3792 0.9147 28.7389 1.5780 2.2550
Car -1 -1 1.5045 687.8371 186.9068 709.6027 205.8466 1.5442 1.5847 3.6214 7.6527 1.6927 60.7923 1.6297 -0.6309
