Car -1 -1 1.7929 439.6740 183.4713 541.2413 251.1126 1.4706 1.6462 4.3667 -2.9834 1.7777 18.6155 1.6340 13.1476
Car -1 -1 1.3584 720.4370 174.1556 877.4187 304.7437 1.7724 1.6377 3.7925 2.8146 1.7974 11.7431 1.5936 11.7637
Car -1 -1 -1.7683 679.2533 182.1225 767.5386 249.3258 1.5221 1.5521 3.6151 2.7815 1.7863 18.6917 -1.6205 10.9282
Car -1 -1 1.6877 523.6558 177.9089 564.7820 213.3289 1.5359 1.5155 3.4131 -3.0460 1.7831 33.5034 1.5970 7.1317
Car -1 -1 1.4272 664.2579 181.7167 730.2494 230.7480 1.4434 1.6011 3.9840 2.7650 1.7631 23.9803 1.5420 6.8900
Car -1 -1 2.5671 0.0000 182.5249 155.5186 374.0000 1.5004 1.5734 4.0967 -3.4040 1.5564 2.0789 1.5446 4.7554
Car -1 -1 1.7251 480.2621 180.4833 545.9430 233.3565 1.6254 1.6589 3.7748 -3.2684 1.9064 24.6344 1.5932 4.6977
Car -1 -1 1.4595 652.4575 178.9120 691.4428 209.0685 1.4741 1.6080 3.9664 3.1799 1.8110 38.0770 1.5428 4.2088
Car -1 -1 1.7274 495.7459 163.6875 528.8858 185.7678 1.4689 1.6466 4.2037 -6.7667 0.8594 50.1161 1.5932 3.4528
Car -1 -1 -1.5917 644.8305 176.0011 665.4537 194.8016 1.4450 1.5713 3.5987 3.5718 1.7059 57.8980 -1.5301 3.2213
Car -1 -1 1.5034 538.6315 177.8176 572.4672 207.0177 1.5378 1.6326 4.0040 -3.1585 1.8334 40.8090 1.4261 2.6590
Car -1 -1 -1.6236 639.7109 165.6836 662.2264 188.3922 2.1319 1.9094 5.2819 3.9382 1.4591 70.3796 -1.5677 0.3882
Car -1 -1 -0.3201 821.6492 175.8596 980.3598 227.3296 1.4876 1.6442 4.1598 8.6842 1.5831 21.9012 0.0574 0.2921
