Car -1 -1 -1.9583 780.0772 184.6543 1223.1093 374.0000 1.5549 1.6456 4.0578 2.6620 1.6895 6.1623 -1.5505 11.9554
Car -1 -1 -1.4300 486.5523 181.0156 551.4392 233.1327 1.6112 1.6648 4.1458 -3.1111 1.9185 25.0446 -1.5536 11.9534
Car -1 -1 -1.8319 716.1469 177.3631 884.7847 299.9939 1.6308 1.6338 3.8107 2.8055 1.7160 11.6592 -1.5958 11.0761
Car -1 -1 -1.7406 679.3546 180.0803 776.2032 252.1222 1.5133 1.6308 4.0523 2.6898 1.7104 17.6033 -1.5890 10.4660
Car -1 -1 -1.6912 647.2773 180.0980 690.2666 213.5176 1.4453 1.5722 3.6553 2.6662 1.8043 33.8663 -1.6126 5.4817
Car -1 -1 -1.5595 636.6717 178.7434 664.0227 205.5768 1.5507 1.6138 3.9430 2.4812 1.9316 44.6032 -1.5039 5.1585
Car -1 -1 -1.6883 667.8652 178.9954 728.4111 228.0618 1.5761 1.6568 4.0485 3.0114 1.8125 25.7061 -1.5717 5.1551
Car -1 -1 1.6287 515.2307 185.5078 552.4453 218.6935 1.4590 1.5867 3.7339 -3.6916 2.1078 35.0713 1.5239 4.1036
Car -1 -1 -1.6509 722.0477 159.3587 761.2047 190.5589 1.4578 1.5951 3.7924 6.4172 0.8276 35.6754 -1.4729 0.7400
Car -1 -1 -1.7427 683.4965 164.2584 710.7243 183.0210 1.4464 1.5630 3.5455 6.8764 0.7841 57.4300 -1.6235 -0.2473
