Car -1 -1 -1.5448 575.1996 172.2824 624.5650 219.8043 1.6109 1.6747 3.7871 -0.2793 1.1736 26.2698 -1.5554 13.2601
Car -1 -1 -1.1832 166.6115 159.7407 406.7112 308.5526 1.8393 1.7502 4.4814 -4.6485 1.5255 11.1287 -1.5789 12.7549
Car -1 -1 -1.3551 420.6673 179.2854 494.6364 228.0934 1.4951 1.6227 3.8444 -4.9441 1.3145 23.9476 -1.5587 12.5578
Car -1 -1 -0.8122 0.0000 188.2367 111.7081 349.6814 1.5516 1.5876 4.0457 -8.4649 1.5991 9.0068 -1.5666 7.5898
Car -1 -1 -0.9319 0.0000 188.8922 151.6750 264.2210 1.4676 1.6334 4.3832 -12.6449 1.5640 16.4222 -1.5880 7.3986
Car -1 -1 -1.2982 369.0037 179.2995 411.7771 203.7066 1.4576 1.5871 3.8148 -13.5304 1.1054 44.8503 -1.5912 5.1570
Car -1 -1 -1.3348 406.4576 180.6062 455.9232 210.9699 1.4580 1.5880 3.8076 -8.9124 1.2378 36.4210 -1.5748 3.1857
Car -1 -1 -1.1302 174.3836 177.6354 273.2705 230.0315 1.6529 1.5952 3.5780 -13.0013 1.4149 24.4981 -1.6181 3.0247
Car -1 -1 2.1419 47.6691 181.9607 171.9770 233.9587 1.5930 1.6300 3.7437 -16.4459 1.4945 23.9160 1.5395 0.3530
Car -1 -1 -1.4931 531.5600 175.3574 560.7435 199.0353 1.4677 1.5914 3.7965 -3.9667 0.8578 46.4600 -1.5783 -0.7013
