Car -1 -1 1.9535 270.2549 195.3513 476.4502 324.9763 1.4040 1.5256 3.5874 -3.1880 1.7835 10.3055 1.6535 12.9979
Car -1 -1 1.7850 590.6227 180.2968 642.2064 215.1880 1.4929 1.6114 3.9939 0.3255 1.8650 33.9037 1.7946 9.4939
Car -1 -1 -2.8317 388.2171 177.0539 490.8713 214.8831 1.4857 1.5688 3.7834 -6.9594 1.6630 29.4703 -3.0636 7.5051
Car -1 -1 -1.6580 758.8806 177.5534 790.9265 203.8909 1.5493 1.6254 3.7397 10.2332 1.8562 45.1049 -1.4349 6.0423
Car -1 -1 -2.2331 349.3682 181.0706 470.0314 234.8983 1.4324 1.5579 3.6011 -6.0277 1.6959 21.4098 -2.5075 4.0347
Car -1 -1 1.5076 650.7025 179.8001 678.7971 204.7542 1.5230 1.5850 3.6815 3.4927 1.9928 46.9130 1.5820 3.7489
Car -1 -1 0.5990 351.5962 182.2363 483.4061 230.5300 1.4827 1.6237 4.0504 -6.4781 1.8157 24.1430 0.3369 -0.4178
Car -1 -1 1.4863 674.7281 179.0013 702.2195 202.0683 1.5615 1.6234 4.0803 5.5879 2.0224 51.9950 1.5933 -0.6920
Car -1 -1 -1.8656 755.3957 155.6704 782.6351 171.3732 1.4775 1.5668 3.7290 15.4141 -0.1476 70.1704 -1.6494 -0.7247
Car -1 -1 2.9433 817.7382 174.8573 926.0905 212.8265 1.4838 1.6182 3.9030 10.5474 1.5688 29.3936 3.2878 -0.7774
