Car -1 -1 -1.9090 508.0362 184.4255 645.7142 271.5983 1.4621 1.5941 3.7934 -0.8635 1.7313 14.7028 -1.9677 13.0395
Car -1 -1 -1.7261 408.8520 179.1178 466.0757 220.6227 1.4969 1.6228 3.8903 -6.9798 1.7652 28.7631 -1.9642 11.0372
Car -1 -1 -2.8665 586.6605 166.2685 682.6476 202.6934 1.4908 1.5921 3.8159 1.0257 1.2217 30.8665 -2.8333 9.2992
Car -1 -1 1.2546 1116.8342 146.5576 1241.0000 247.7016 1.4698 1.6100 4.1666 10.4460 1.0880 12.7159 1.9423 8.7897
Car -1 -1 1.7581 0.0000 198.0572 152.8213 317.2546 1.5621 1.6195 3.7227 -9.0816 2.0644 12.3392 1.1236 8.6329
Car -1 -1 -2.2444 660.0980 116.5397 1110.2372 374.0000 2.0515 1.8190 4.5463 2.2850 1.6509 7.5832 -1.9517 8.3367
Car -1 -1 1.8540 216.3889 185.5252 271.2882 218.1582 1.6427 1.6559 4.0519 -20.3185 2.3854 40.1269 1.3853 7.8874
Car -1 -1 1.8637 0.0000 208.2899 97.5531 374.0000 1.4625 1.6052 4.0879 -6.9968 1.9529 7.7835 1.1314 7.7168
Car -1 -1 1.4911 1003.9047 149.9879 1109.7938 231.5803 1.4301 1.5068 3.5229 8.8253 1.0297 14.5566 2.0361 4.2720
Car -1 -1 -0.8917 195.4939 176.4483 243.4228 194.7882 1.4850 1.5840 3.7292 -33.0795 1.8000 61.1748 -1.3874 0.1432
