Car -1 -1 -1.2300 242.5082 200.9225 421.6639 321.3003 1.4743 1.5558 3.3760 -4.2054 1.9814 11.3258 -1.5855 13.3116
Car -1 -1 -1.7304 693.7814 179.4239 791.7799 260.4889 1.5021 1.5205 3.1438 2.6405 1.6553 15.2042 -1.5584 12.2579
Car -1 -1 1.7222 484.8620 182.8939 529.4334 219.5221 1.6044 1.5735 3.6570 -4.8930 2.1096 34.4454 1.5811 11.4926
Car -1 -1 -1.3252 403.5407 181.9558 496.7480 251.7300 1.7411 1.6653 3.9677 -4.4711 2.0259 20.5353 -1.5396 11.4657
Car -1 -1 -1.6746 650.7388 175.5072 697.8998 216.3901 1.6496 1.6481 3.6504 2.6805 1.7714 31.1889 -1.5889 10.8010
Car -1 -1 -2.1105 831.6659 186.9031 1241.0000 374.0000 1.4928 1.5440 3.6200 2.8547 1.6267 5.0290 -1.5942 10.4084
Car -1 -1 1.6620 524.7436 184.6481 552.3063 207.5991 1.4659 1.5625 3.7744 -4.9387 2.3133 49.9223 1.5634 3.0373
Car -1 -1 1.6096 551.0819 183.0140 569.4353 199.6571 1.4941 1.6071 3.8699 -4.7580 2.4954 69.1215 1.5409 2.6657
Car -1 -1 -0.8537 686.0341 165.8869 736.6186 185.6453 1.4862 1.6439 4.0550 7.8944 0.9625 56.2177 -0.7142 2.2000
Car -1 -1 1.6365 677.0891 157.1109 700.0543 176.9695 1.5938 1.6451 3.9330 6.5377 0.3307 59.9852 1.7451 1.4270
Car -1 -1 -1.3623 689.6077 175.6625 725.1671 198.5008 1.4846 1.6139 4.0898 6.7114 1.6867 49.6383 -1.2279 1.4073
Car -1 -1 1.7540 631.8211 176.4142 655.1207 192.0134 1.4738 1.6151 3.8982 3.3143 1.8358 71.2003 1.8005 -0.2497
