Car -1 -1 1.3193 710.5839 185.0912 816.7685 257.7850 1.4392 1.5520 3.4641 3.3724 1.7520 16.6483 1.5192 14.9717
Car -1 -1 -2.0078 818.6080 181.1607 1219.5130 374.0000 1.5267 1.6318 3.8086 3.2511 1.6271 6.7676 -1.5599 14.0737
Car -1 -1 1.9872 194.0566 191.7944 369.8107 295.7748 1.5268 1.5498 3.5795 -5.7615 1.9164 13.0342 1.5710 13.4053
Car -1 -1 1.9149 372.5077 185.3831 472.2003 240.4741 1.4468 1.6321 4.1640 -5.6494 1.8678 22.0724 1.6643 12.6169
Car -1 -1 2.2682 0.0000 203.5544 238.6917 374.0000 1.4721 1.6176 4.0238 -5.7359 1.8720 7.3492 1.6055 10.9440
Car -1 -1 -1.7762 680.4061 182.7475 759.5854 234.9451 1.4164 1.6117 4.0734 3.2674 1.7531 22.4471 -1.6316 10.7831
Car -1 -1 -1.7186 659.3446 178.6803 709.5510 215.5921 1.4608 1.6016 3.7545 3.1014 1.7276 31.0712 -1.6191 9.6095
Car -1 -1 -1.7343 652.9042 177.8612 696.2999 209.6950 1.5019 1.6046 3.6474 3.1787 1.7686 36.5092 -1.6474 5.1996
Car -1 -1 1.7426 477.5147 180.6330 521.2639 211.1474 1.4515 1.6127 3.7390 -5.6790 1.8729 37.1664 1.5910 4.9855
Car -1 -1 1.8851 404.7805 164.8943 446.5401 188.6530 1.4593 1.5499 3.6091 -11.7763 0.9708 46.1663 1.6354 3.0763
Car -1 -1 -2.6420 520.7855 176.7177 568.7989 195.0192 1.5092 1.6246 3.7661 -5.5918 1.8476 61.6246 -2.7325 1.2545
Car -1 -1 1.9266 256.8714 172.4601 297.7401 192.1805 1.4550 1.6190 3.7960 -25.4186 1.4263 55.1877 1.4949 0.3872
Car -1 -1 1.7156 496.3166 178.1827 532.3730 206.8482 1.5724 1.5700 3.7089 -5.5740 1.8977 42.1330 1.5840 0.2131
