Car -1 -1 3.7541 0.0000 193.9919 300.0708 323.9725 1.4212 1.5955 3.9457 -6.2183 1.7078 8.9586 3.1473 11.4310
Car -1 -1 -1.6868 663.7227 180.3891 707.2538 212.5917 1.4051 1.6080 3.9084 3.4983 1.7849 34.3667 -1.5854 9.5722
Car -1 -1 -2.6401 27.7729 187.3947 332.9668 291.0139 1.4703 1.6049 3.8221 -6.6198 1.7162 11.3294 -3.1689 9.4877
Car -1 -1 0.3495 341.0116 179.0208 505.0961 234.4968 1.5464 1.6526 4.4077 -5.5168 1.7383 21.3764 0.0970 9.3662
Car -1 -1 0.3294 310.0266 181.3782 484.8961 241.2356 1.4763 1.6142 4.1045 -5.5437 1.7112 18.9472 0.0447 9.1779
Car -1 -1 0.2191 420.3739 177.6712 537.7628 218.0848 1.5545 1.6383 4.3714 -5.2227 1.7537 28.8737 0.0402 7.6305
Car -1 -1 0.3819 253.0217 181.7032 443.9769 253.0829 1.5244 1.5893 3.7831 -5.9290 1.7376 16.4841 0.0366 5.7472
Car -1 -1 0.3016 374.4440 176.8369 506.3027 226.1453 1.5864 1.6046 4.0306 -5.7001 1.7262 24.3075 0.0712 5.2609
Car -1 -1 -0.4376 877.4251 170.3792 1067.8422 229.2999 1.4830 1.6312 4.1900 9.3981 1.4211 19.0185 0.0213 3.5649
Car -1 -1 1.6790 522.0735 161.0859 553.6459 184.9927 1.5687 1.6980 4.3467 -4.9339 0.7969 49.5231 1.5797 2.8109
Car -1 -1 -1.7246 689.5439 175.4390 713.7991 192.3391 1.4510 1.5878 3.7495 8.1339 1.6890 64.4245 -1.5990 2.0755
Car -1 -1 1.9464 446.0056 143.8177 491.3881 168.6066 1.5031 1.5733 3.8311 -9.0775 -0.2851 46.4684 1.7535 1.8836
Car -1 -1 0.2200 436.0090 165.8676 546.5911 212.4201 1.9555 1.7762 4.4573 -5.1356 1.6624 31.3206 0.0575 1.8578
Car -1 -1 1.7191 519.3827 176.4176 558.5486 205.4916 1.5642 1.6507 4.0967 -4.0577 1.7794 41.4149 1.6215 1.6161
Car -1 -1 0.0966 532.8224 175.2913 579.0722 194.8902 1.6896 1.6538 3.9050 -4.7373 1.9067 63.2868 0.0219 -0.1814
Car -1 -1 -1.6198 646.6577 167.9410 676.5307 197.7823 1.9841 1.8325 4.9772 3.5288 1.6578 50.4792 -1.5500 -0.6213
Car -1 -1 -0.9366 844.8387 173.7250 959.5286 219.8994 1.4745 1.5719 4.0406 10.0431 1.5069 24.8319 -0.5523 -0.7605
