Car -1 -1 1.9345 280.0889 197.9124 406.5654 274.6695 1.4836 1.5657 3.7216 -6.1857 2.1408 17.0386 1.5862 14.6868
Car -1 -1 -1.7429 675.8934 179.6160 755.7569 239.5223 1.5172 1.6058 3.7998 2.8756 1.7290 20.6319 -1.6044 11.9308
Car -1 -1 1.8483 368.4789 192.6203 455.3882 246.9412 1.4457 1.6000 3.9516 -6.1409 2.1206 22.6317 1.5834 11.0654
Car -1 -1 1.7264 439.2180 182.9598 493.5143 223.7908 1.5766 1.6639 4.1475 -6.1343 2.0407 31.0049 1.5310 6.5191
Car -1 -1 0.8488 1137.1999 143.5967 1241.0000 190.0295 1.7980 1.7583 4.5715 24.6769 0.6654 30.2539 1.5330 4.4404
Car -1 -1 1.6794 530.0802 183.4269 553.3200 201.4523 1.4733 1.6218 3.8262 -5.9691 2.4273 63.1548 1.5852 3.1442
Car -1 -1 1.7340 470.0383 182.4996 514.4498 217.0507 1.6523 1.6502 4.0645 -6.1230 2.1835 37.6727 1.5729 2.8512
Car -1 -1 1.6561 564.2023 180.8680 585.7061 197.7063 1.4977 1.6872 4.1459 -3.3044 2.2799 68.2817 1.6078 2.1715
Car -1 -1 -1.5538 628.9433 178.1511 645.7832 194.0306 1.4691 1.5700 3.7711 2.6576 1.9972 69.9607 -1.5159 1.2831
Car -1 -1 1.6706 501.8345 185.8480 531.3116 209.5749 1.4589 1.5911 3.8098 -6.2584 2.3657 48.4013 1.5420 0.6516
Car -1 -1 1.8752 398.7116 176.0668 430.4571 193.6140 1.4632 1.6011 3.8071 -16.9908 1.7518 62.8055 1.6110 -0.3793
