Car -1 -1 1.8182 326.7760 171.3993 465.1260 267.6925 1.5262 1.5772 3.6164 -3.8124 1.5035 13.2664 1.5384 12.8101
Car -1 -1 -1.9722 775.9744 164.4290 1058.3037 351.0644 1.5766 1.5653 3.1870 2.9247 1.5058 7.7153 -1.6098 12.5042
Car -1 -1 -1.8165 699.1072 160.6100 844.9180 264.8259 1.5184 1.5622 3.5175 2.5359 1.3404 12.3001 -1.6132 12.4701
Car -1 -1 -1.7490 663.4442 161.1748 759.8143 225.7009 1.4368 1.6361 4.2928 2.3813 1.1771 18.2470 -1.6193 11.3109
Car -1 -1 1.7786 410.1223 167.4719 500.4335 229.0801 1.4631 1.5670 3.8162 -4.0123 1.3356 19.0404 1.5709 11.0111
Car -1 -1 1.7087 472.9340 158.4747 526.5983 199.4202 1.5497 1.6198 3.9970 -4.4462 1.0058 29.3142 1.5582 7.8499
Car -1 -1 -1.6708 647.0986 155.6937 695.0107 195.6586 1.5531 1.5977 3.7738 2.4299 0.8866 29.9394 -1.5898 6.6943
Car -1 -1 -1.7165 655.4529 156.7785 722.6428 207.1293 1.5573 1.6640 4.0368 2.5324 1.0605 24.3654 -1.6129 6.2974
Car -1 -1 -1.7248 620.5847 157.1379 650.4349 178.1198 1.4393 1.5821 3.6192 1.7531 0.3616 51.3850 -1.6907 4.9994
Car -1 -1 1.6864 449.9157 160.3152 508.7637 210.0354 1.5659 1.5759 3.4626 -4.4092 1.1713 24.4981 1.5084 3.8633
Car -1 -1 -1.4232 1003.5165 113.8439 1109.5088 184.6039 1.4287 1.5491 3.5095 10.1657 0.2376 16.4053 -0.8684 2.8259
Car -1 -1 1.5778 452.7690 151.9026 476.2584 173.8085 1.4818 1.5625 3.7996 -10.2616 0.0649 50.8176 1.3785 0.6764
Car -1 -1 -1.5995 585.0924 162.0810 603.3369 178.6229 1.4553 1.5468 3.4460 -1.4685 0.5079 65.2359 -1.6220 0.3134
Car -1 -1 -1.1495 874.4230 123.0317 979.4343 171.8741 1.4930 1.6419 4.2051 10.6234 -0.0352 24.1530 -0.7351 -0.1627
