Car -1 -1 1.2614 768.6508 175.0738 1034.7170 369.4703 1.6963 1.6249 3.7273 2.9231 1.7277 8.2251 1.6028 14.3718
Car -1 -1 1.8273 403.0481 184.8889 530.9581 271.1405 1.4881 1.6255 4.0597 -2.8707 1.7752 15.1077 1.6396 13.1097
Car -1 -1 -1.8010 702.0339 185.2908 817.6998 269.3524 1.4837 1.5522 3.5839 2.9432 1.7756 15.0910 -1.6084 11.1808
Car -1 -1 1.4149 677.8259 184.6020 760.0704 245.7276 1.4857 1.6434 4.1695 2.9208 1.8530 20.4369 1.5569 8.0804
Car -1 -1 1.6973 518.5431 180.1594 565.0707 219.8470 1.5176 1.5194 3.2493 -2.8108 1.8368 29.8433 1.6033 6.5428
Car -1 -1 1.7608 461.5263 181.0806 541.1892 243.5646 1.6209 1.6230 3.7375 -3.1258 1.8837 21.1171 1.6138 6.3545
Car -1 -1 1.4691 661.7137 180.5481 704.7652 214.9516 1.5077 1.6259 4.1950 3.4170 1.9000 34.6573 1.5674 5.8703
Car -1 -1 -1.6113 652.2239 179.0672 675.5479 199.7518 1.4792 1.6057 3.6854 4.0202 1.9657 54.5870 -1.5378 5.1058
Car -1 -1 1.7221 491.4123 164.2815 527.8541 189.7485 1.5625 1.6862 4.3639 -6.4396 1.0369 46.4595 1.5844 3.3473
Car -1 -1 1.7089 539.3452 180.0581 581.6788 211.6485 1.5009 1.6310 4.1654 -2.5423 1.8959 37.3880 1.6410 0.1827
Car -1 -1 -0.2857 767.6612 154.7298 893.6639 196.8777 1.5528 1.6745 4.2808 8.2730 0.8855 27.4333 0.0072 -0.6116
