Car -1 -1 2.5479 133.1079 178.2604 249.0933 219.7761 1.5809 1.6437 3.9503 -17.4418 1.8233 30.1647 2.0236 6.5969
Car -1 -1 2.8258 822.7620 176.0067 892.2508 198.4226 1.4318 1.5999 3.9943 16.1019 1.6418 47.1446 3.1549 5.6063
Car -1 -1 2.5790 77.1304 185.5059 178.6755 220.8716 1.5249 1.5843 3.7932 -23.0816 2.1686 34.6330 1.9912 4.8204
Car -1 -1 -1.9007 881.1136 172.3238 917.7162 190.8859 1.4832 1.6131 3.9427 23.8575 1.4412 59.6616 -1.5203 1.7812
Car -1 -1 1.8932 269.3435 176.3000 303.2454 194.4839 1.5025 1.5825 3.6903 -27.9085 1.8094 62.2567 1.4718 1.6745
Car -1 -1 1.9043 348.6797 175.5430 381.4129 194.2146 1.6440 1.6451 3.9244 -22.4029 1.8979 66.0606 1.5774 0.9958
Car -1 -1 -1.8192 810.5690 171.0624 842.9898 191.2756 1.6208 1.6464 3.9644 17.9196 1.4775 59.8699 -1.5284 0.9527
Car -1 -1 1.6932 380.0817 176.7544 425.5642 209.7231 1.4813 1.6426 4.0312 -10.0323 1.6825 35.0355 1.4144 0.8907
Car -1 -1 -2.4497 723.3250 171.0067 773.0586 190.0448 1.5445 1.6056 3.9930 11.5456 1.3950 60.5841 -2.2613 -0.4783
Car -1 -1 -0.3923 912.9202 164.0107 990.0447 192.4247 1.5746 1.5601 3.6248 19.2530 1.0849 40.8497 0.0481 -0.5059
