Car -1 -1 -1.7673 748.9663 180.9741 915.1801 306.7671 1.4591 1.5543 3.5973 2.9533 1.5981 10.4603 -1.4921 12.5696
Car -1 -1 1.9918 224.3022 193.9890 387.9756 287.8432 1.5546 1.6075 3.9406 -6.0822 2.0483 14.8427 1.6028 12.3508
Car -1 -1 -2.1886 877.5634 189.8870 1241.0000 374.0000 1.5312 1.6058 3.7459 3.0161 1.6760 4.2441 -1.5708 10.1435
Car -1 -1 1.7594 466.7672 186.4711 509.9171 218.0318 1.4939 1.5589 3.6610 -6.3214 2.2386 37.5913 1.5928 6.5854
Car -1 -1 -1.1739 241.3601 197.1411 294.8415 224.8002 1.4948 1.6245 3.8069 -20.9690 3.0527 44.3323 -1.6157 6.5131
Car -1 -1 -1.6864 641.0950 176.9112 677.5721 206.0617 1.5664 1.6368 3.8818 2.7412 1.8101 41.2979 -1.6201 5.8906
Car -1 -1 1.7028 486.9782 186.4972 521.9384 212.9844 1.4431 1.5914 3.7311 -6.2952 2.2942 43.1158 1.5578 4.2648
Car -1 -1 1.5596 803.1931 163.4883 822.2447 181.3200 1.5796 1.6293 3.9952 18.5112 0.7503 66.0541 1.8328 2.9777
Car -1 -1 1.8834 377.1216 185.0124 435.7638 218.4836 1.5199 1.6462 4.1616 -10.2260 2.1693 36.4063 1.6096 1.9688
Car -1 -1 -1.1052 185.8818 196.3659 245.4687 224.7764 1.4876 1.5534 3.8398 -23.4234 2.9508 42.9429 -1.6045 0.2601
Car -1 -1 1.6737 504.5382 180.4505 533.7859 204.4987 1.6027 1.6519 4.1968 -6.4743 2.1680 51.5386 1.5487 0.0731
