Car -1 -1 3.5727 94.3728 187.2961 340.1553 268.3679 1.5044 1.6405 4.0791 -7.8751 1.8173 14.6674 3.0800 13.0857
Car -1 -1 -0.3605 727.8909 190.6483 950.6144 279.6516 1.5273 1.5558 3.6971 4.1778 1.8859 13.6291 -0.0631 12.1201
Car -1 -1 0.7047 0.0000 189.8541 209.1151 316.9567 1.4794 1.5809 4.0418 -7.7547 1.7217 9.4412 0.0171 9.6557
Car -1 -1 -0.3104 698.8771 190.6602 898.4886 263.4178 1.4825 1.6205 4.0004 4.0642 1.9031 16.0914 -0.0630 7.0938
Car -1 -1 3.2957 189.1250 179.0032 362.6643 248.7875 1.7271 1.7071 4.0306 -8.8973 1.9050 19.4637 2.8669 4.8848
Car -1 -1 3.9186 0.0000 202.8986 87.5851 374.0000 1.4631 1.5815 4.0198 -7.6053 1.7852 6.8072 3.0779 4.1829
Car -1 -1 0.4501 242.3738 172.0089 393.6107 236.0392 1.8975 1.6891 4.0096 -9.0202 1.8728 22.3552 0.0666 3.7992
Car -1 -1 -2.2714 969.3166 190.1880 1033.4351 214.3351 1.4794 1.6173 4.0656 26.7140 2.7196 49.4511 -1.7762 3.6613
Car -1 -1 -1.8203 453.5093 186.7089 489.0727 209.2363 1.4867 1.6100 3.9167 -10.1237 2.5326 52.3307 -2.0114 2.8812
Car -1 -1 3.1755 280.0933 174.9698 386.7705 216.2659 1.5301 1.5826 3.7984 -10.7925 1.6173 28.2376 2.8105 0.4786
Car -1 -1 -1.5639 266.1690 171.1261 288.1674 189.9408 1.4897 1.5911 3.9749 -27.3433 1.3532 59.2638 -1.9961 0.2919
Car -1 -1 -1.6847 1236.5006 175.7821 1241.0000 374.0000 1.5895 1.6520 4.1288 4.7546 1.6156 4.2355 -0.8417 0.1826
Car -1 -1 3.4741 153.5416 178.5783 344.4844 253.7055 1.6607 1.6189 3.7344 -8.4910 1.8053 17.1454 3.0143 0.1693
Car -1 -1 1.0646 163.3268 174.6264 229.0476 202.5001 1.5228 1.6028 3.8347 -23.7396 1.6287 41.3058 0.5429 -0.8010
