Car -1 -1 -1.7985 735.9748 181.4638 869.1739 280.4611 1.5826 1.6222 3.5669 3.4244 1.7672 13.6424 -1.5526 12.9459
Car -1 -1 0.5945 39.5034 182.7189 384.2375 296.9928 1.4600 1.5909 4.1762 -5.6417 1.6159 10.3804 0.0967 12.2346
Car -1 -1 3.4722 247.8070 183.6431 447.2807 247.4476 1.4238 1.5728 4.1840 -6.1911 1.6935 17.1928 3.1266 11.3257
Car -1 -1 -1.7547 710.0064 179.5654 802.7514 251.6695 1.6341 1.6366 3.8676 3.6110 1.8260 18.6503 -1.5635 10.4920
Car -1 -1 3.3924 351.1014 181.7439 488.9371 231.7697 1.5065 1.5988 3.9438 -5.9789 1.7981 22.8242 3.1362 9.4055
Car -1 -1 -1.7135 679.2636 183.2497 724.9127 220.2070 1.5052 1.5379 3.3522 3.9947 1.9913 32.0244 -1.5894 7.2832
Car -1 -1 0.1976 434.0765 181.2973 539.9676 219.1075 1.4968 1.6073 4.0772 -5.0681 1.8561 29.8086 0.0292 6.3790
Car -1 -1 0.2013 391.8101 179.9113 514.6646 225.2130 1.4996 1.5699 3.9158 -5.3952 1.7518 24.9411 -0.0118 5.0131
Car -1 -1 0.1842 476.5048 165.0929 539.8171 188.3877 1.4718 1.5626 3.8152 -6.5571 0.9818 46.4487 0.0439 2.7851
Car -1 -1 -1.4900 552.6574 178.5231 577.0786 199.0189 1.5345 1.6209 3.8863 -3.5615 1.9985 57.0582 -1.5523 0.4311
Car -1 -1 -0.1704 719.2596 174.1389 796.7090 200.4349 1.4930 1.6396 4.1894 8.5190 1.5696 41.9317 0.0301 0.4045
Car -1 -1 3.0335 469.0714 179.4373 545.9099 211.4627 1.5570 1.6056 3.7296 -5.2866 1.9047 36.8274 2.8909 0.2186
Car -1 -1 -1.6212 654.5325 170.9949 682.8528 202.8213 2.4892 2.0253 5.6764 4.7437 2.3441 59.2962 -1.5414 0.2124
Car -1 -1 -2.8855 414.4772 178.1252 520.9054 220.7008 1.5513 1.6018 3.6845 -5.4023 1.7587 27.4263 -3.0800 -0.1719
