Car -1 -1 1.9384 213.4374 195.6250 378.8419 289.3744 1.4540 1.6166 4.0335 -6.0045 1.9677 14.2215 1.5389 14.9461
Car -1 -1 1.8697 364.0597 190.2726 464.0271 249.6699 1.5022 1.6738 4.4203 -5.8168 2.0829 21.7994 1.6089 13.9979
Car -1 -1 -1.8027 706.7175 177.3235 820.8126 254.4488 1.4732 1.5966 3.7702 3.1947 1.5840 15.9125 -1.6045 13.1635
Car -1 -1 2.1799 0.0000 206.2176 239.8280 374.0000 1.5123 1.5284 3.4389 -5.9192 1.9745 8.2550 1.5578 11.4597
Car -1 -1 -1.7060 685.4523 175.0793 760.3718 235.5915 1.6293 1.6600 4.0281 3.2286 1.7025 21.5988 -1.5576 9.8929
Car -1 -1 -3.5550 851.4336 158.2061 1045.1742 219.2455 1.4219 1.5968 3.9833 8.1107 1.0811 17.6392 -3.1240 8.9016
Car -1 -1 2.6475 933.9343 144.1564 1167.6696 227.2504 1.6136 1.6054 3.8167 8.9074 1.0567 14.8960 3.1864 8.0230
Car -1 -1 -3.7790 1027.6569 131.8838 1241.0000 235.2064 1.6769 1.5868 3.7668 9.5476 1.0123 12.5269 -3.1278 7.7630
Car -1 -1 1.8442 473.1140 183.5881 525.1184 216.1187 1.5049 1.5969 4.0278 -5.6332 2.0848 36.8563 1.6926 7.5638
Car -1 -1 1.7918 426.1247 187.4491 490.6496 231.7912 1.5105 1.6135 3.9246 -5.8084 2.1142 27.8510 1.5862 7.2309
Car -1 -1 1.4193 664.3773 179.4159 713.0132 217.3811 1.5232 1.5603 3.6628 3.3300 1.8266 31.4558 1.5248 6.9167
Car -1 -1 2.3576 1094.8653 127.8783 1241.0000 263.0024 1.6921 1.6375 3.8817 9.0920 1.1293 9.9340 3.0988 6.1764
Car -1 -1 -1.6263 646.9778 177.5038 675.8791 202.9240 1.5150 1.6074 3.7533 3.1789 1.8212 45.5771 -1.5567 4.2853
Car -1 -1 1.7381 518.5624 181.4728 548.6586 203.3519 1.4725 1.5561 3.7454 -5.4940 2.1167 51.9842 1.6328 2.1326
Car -1 -1 1.5074 708.6275 170.3758 728.9901 187.0221 1.4853 1.6032 3.9109 9.9653 1.2646 66.3963 1.6564 -0.6163
Car -1 -1 1.5339 539.3786 184.0990 561.8165 204.8756 1.5075 1.6040 4.0709 -4.7280 2.4254 56.7569 1.4508 -0.7752
