Car -1 -1 -1.7414 667.3678 177.9842 776.8690 261.3592 1.5480 1.6402 4.0608 2.2375 1.6746 15.6997 -1.5998 13.5357
Car -1 -1 -1.1601 0.0000 188.0894 388.8720 374.0000 1.4791 1.5866 4.1050 -3.4409 1.6666 6.7665 -1.6305 12.8584
Car -1 -1 -0.7362 0.0000 182.1539 285.4646 374.0000 1.4593 1.5517 3.7861 -2.7118 1.5147 2.3546 -1.5919 11.6261
Car -1 -1 -1.7547 635.9345 176.7624 696.0808 220.3178 1.5614 1.6406 3.9380 2.0748 1.7260 28.2777 -1.6814 11.6035
Car -1 -1 -2.6734 180.1068 185.2665 348.1063 241.4659 1.4067 1.5677 3.7381 -9.1908 1.7525 19.2490 -3.1189 9.2374
Car -1 -1 -1.5122 504.3924 177.9984 550.7737 220.7080 1.5877 1.6461 3.8500 -3.3213 1.8107 29.2601 -1.6253 9.0100
Car -1 -1 -1.6313 621.8171 171.9042 654.5282 205.1053 1.9774 1.7810 4.2300 1.6815 1.9212 45.1061 -1.5941 3.7420
Car -1 -1 -1.5786 530.4436 179.9757 558.6304 208.2387 1.5782 1.6081 3.6683 -3.9647 2.0233 43.1517 -1.6702 2.6966
Car -1 -1 -1.6475 630.4519 180.7592 671.6249 215.9266 1.5234 1.6349 3.9360 1.8468 1.9195 34.1313 -1.5935 1.2750
Car -1 -1 -1.6016 614.7384 173.5591 635.0767 191.9387 1.4968 1.5909 3.8867 1.2075 1.5586 60.8600 -1.5817 0.7284
