Car -1 -1 1.8107 327.6497 191.7174 460.4146 281.6094 1.4530 1.6069 4.1981 -4.2511 1.8930 14.6850 1.5289 12.8811
Car -1 -1 1.9727 77.6982 182.9140 390.8803 374.0000 1.6911 1.5840 3.4199 -3.5710 1.8201 7.4755 1.5270 11.8405
Car -1 -1 -2.0139 756.8662 140.4684 1092.1311 351.1236 1.8133 1.7503 4.2915 3.1380 1.5348 8.4212 -1.6572 11.2701
Car -1 -1 1.7005 473.9701 180.7611 520.2649 218.0552 1.6446 1.6756 4.2342 -5.4241 2.0504 34.8592 1.5461 8.6996
Car -1 -1 2.4681 0.0000 188.6229 198.0179 374.0000 1.4867 1.5307 3.6511 -3.5640 1.5914 2.9360 1.5864 7.9545
Car -1 -1 -2.5019 1015.4579 179.5704 1241.0000 374.0000 1.4965 1.5773 4.0226 3.1362 1.5370 2.2903 -1.5619 5.0761
Car -1 -1 -1.5875 615.0437 175.2873 635.2010 195.3845 1.6164 1.6186 3.6055 1.2150 1.8261 60.2727 -1.5673 4.8010
Car -1 -1 1.7061 453.6694 167.4642 477.5528 185.6076 1.6550 1.6719 4.0700 -13.5719 1.1637 67.8992 1.5088 2.7234
Car -1 -1 1.6468 519.0668 179.8807 544.1269 201.7767 1.5380 1.5811 3.7109 -5.8367 2.0802 53.7637 1.5387 1.6651
Car -1 -1 1.8794 356.2632 142.8180 404.3862 169.6049 1.5360 1.6251 4.0918 -13.9441 -0.2066 43.9140 1.5719 0.7187
Car -1 -1 -1.4366 660.6491 171.8468 686.8225 191.8632 1.5875 1.6283 3.9798 5.2506 1.5080 59.3436 -1.3484 -0.6768
