Car -1 -1 -1.1338 171.9350 188.6431 307.7307 256.6612 1.4545 1.5465 3.5576 -8.7590 1.5470 17.3517 -1.6013 13.5735
Car -1 -1 -0.9546 0.0000 195.3514 191.7036 330.6762 1.5004 1.6078 3.8118 -7.8029 1.6726 10.1909 -1.6080 13.0112
Car -1 -1 -1.2880 308.5427 188.1462 442.9462 265.6891 1.4633 1.6597 4.3288 -4.9789 1.5382 15.9072 -1.5913 12.8005
Car -1 -1 -1.1624 237.7498 182.2650 330.2217 230.5040 1.6005 1.6115 3.8828 -11.5352 1.5037 25.7978 -1.5828 8.4513
Car -1 -1 -1.5580 571.6412 181.5887 601.9408 208.0298 1.4297 1.6383 3.8835 -1.1951 1.2347 40.8193 -1.5872 7.3074
Car -1 -1 -1.4228 453.8314 162.1709 521.4691 222.4709 2.2043 1.9227 5.2300 -4.7434 1.3630 28.9031 -1.5855 5.5147
Car -1 -1 -1.3328 389.9003 180.5124 449.7535 218.5546 1.6458 1.6869 4.4203 -8.6528 1.4435 33.3192 -1.5869 5.2841
Car -1 -1 -1.2293 330.5069 179.6136 386.5987 209.9179 1.5562 1.6441 3.9339 -13.4346 1.2696 38.8853 -1.5619 4.4625
Car -1 -1 -1.3440 349.7595 179.1637 415.9631 224.7706 1.6106 1.6132 3.6600 -8.4837 1.3980 27.2677 -1.6457 1.6429
Car -1 -1 -1.5024 499.8728 182.7637 533.9402 211.4500 1.5306 1.6323 3.9757 -5.0841 1.4009 40.3819 -1.6277 0.5895
