Car -1 -1 1.7935 378.4772 186.9267 478.7393 257.5333 1.4962 1.5982 3.8809 -4.4443 1.8862 18.0217 1.5517 14.4714
Car -1 -1 -1.7902 722.3609 180.1259 898.6942 303.2754 1.5025 1.6405 4.3314 2.8056 1.6382 11.2441 -1.5457 14.3632
Car -1 -1 0.6623 0.0000 193.2263 232.8546 280.8398 1.4629 1.5524 3.7073 -9.2654 1.8644 13.3294 0.0549 12.7353
Car -1 -1 -1.7587 693.2169 176.5319 786.6958 249.1460 1.5572 1.5697 3.4584 2.9724 1.6551 17.3903 -1.5894 10.2833
Car -1 -1 -1.7038 668.2482 174.9071 726.8022 220.7227 1.5141 1.5868 3.7317 3.0216 1.5934 25.8890 -1.5877 9.6350
Car -1 -1 1.7492 437.6111 178.0105 508.5715 235.6834 1.6961 1.6149 3.7951 -4.4040 1.8777 23.4604 1.5636 9.2404
Car -1 -1 -2.2933 930.8037 183.4803 1241.0000 374.0000 1.4962 1.5184 3.4423 3.0743 1.5747 3.5734 -1.5828 8.8256
Car -1 -1 1.7277 477.2042 179.9833 534.0309 223.2800 1.5728 1.6263 4.1673 -4.1553 1.8803 28.9928 1.5853 7.5324
Car -1 -1 -1.7183 660.9681 175.8417 710.8576 214.1930 1.5903 1.6388 3.9619 3.2858 1.7326 32.2482 -1.6167 4.1657
Car -1 -1 1.6109 536.1742 177.7838 556.6673 196.0486 1.5452 1.6589 3.9925 -5.6465 1.9979 64.1704 1.5231 1.4325
