Car -1 -1 1.9201 286.5573 187.8710 372.6296 235.3729 1.5285 1.6483 4.0938 -10.2518 2.1251 26.5812 1.5520 11.5988
Car -1 -1 -1.4565 487.7723 179.9728 547.8627 230.1596 1.6057 1.6663 4.0836 -3.2444 1.8800 25.7149 -1.5821 9.6027
Car -1 -1 1.7933 382.3762 184.3797 421.7032 209.0358 1.4526 1.6123 3.8768 -13.3342 2.2248 46.3396 1.5131 6.2158
Car -1 -1 1.6504 708.9144 177.1017 736.7062 199.5458 1.4751 1.6056 3.9935 7.8777 1.7844 50.3533 1.8056 1.4256
Car -1 -1 1.5403 650.0107 178.8878 678.2676 205.5766 1.4681 1.5361 3.7034 3.1125 1.8390 42.4222 1.6135 1.3660
Car -1 -1 1.4123 731.0280 176.0855 771.9678 204.6702 1.4933 1.6148 4.0031 7.7865 1.6827 40.1763 1.6037 0.7637
Car -1 -1 1.8837 306.6521 178.9840 404.5527 236.0922 1.5369 1.6412 3.9833 -7.6173 1.7401 21.8565 1.5484 0.4849
Car -1 -1 1.8372 371.6665 183.6437 431.3776 222.3694 1.5413 1.5960 3.6941 -9.0972 2.0422 31.6082 1.5569 0.2321
Car -1 -1 1.2796 691.5397 186.3081 773.8566 237.1574 1.4688 1.6160 3.9229 3.9268 1.9544 23.9727 1.4419 0.0693
Car -1 -1 1.5941 578.4217 177.2033 605.5989 203.7890 1.6244 1.6690 4.0138 -1.1591 1.9187 46.7491 1.5694 -0.3115
Car -1 -1 2.1849 0.0000 186.0359 209.3410 343.0503 1.5781 1.6679 4.1971 -7.3983 1.7952 9.7332 1.5350 -0.5632
Car -1 -1 1.8057 404.4252 182.9643 458.7786 218.8869 1.4399 1.5515 3.4548 -7.7954 1.9077 31.6259 1.5640 -0.6734
