Car -1 -1 -1.3707 432.2826 179.5226 501.8988 227.1313 1.4687 1.5758 3.7043 -4.6548 1.2942 24.0308 -1.5620 13.5123
Car -1 -1 -1.2860 296.2380 180.6921 436.6273 266.5696 1.4970 1.5946 4.0596 -4.7437 1.4192 14.5794 -1.6006 13.0267
Car -1 -1 -1.0240 14.3190 179.3757 240.1587 281.7394 1.5755 1.6256 3.7954 -8.4275 1.4867 12.9806 -1.5998 12.0532
Car -1 -1 -1.0972 162.8612 178.5102 276.2391 233.3295 1.5922 1.5975 3.8039 -12.2013 1.3986 22.7916 -1.5888 10.5218
Car -1 -1 -1.5596 575.6945 175.7912 610.8718 209.5039 1.5971 1.6667 3.7488 -0.7363 1.1518 35.9338 -1.5801 8.9120
Car -1 -1 -0.8607 0.0000 201.9204 244.8877 375.0000 1.4973 1.5393 3.8046 -4.2555 1.6568 4.9050 -1.5753 6.0587
Car -1 -1 -1.4151 457.9987 175.6535 506.2778 214.4811 1.6249 1.5779 3.5471 -5.5440 1.2258 31.8655 -1.5874 5.2013
Car -1 -1 -1.4069 437.0695 168.4612 475.5376 194.4685 1.4764 1.6303 3.8783 -8.9871 0.5264 42.7776 -1.6140 5.1770
Car -1 -1 -1.2309 265.6770 182.8322 363.6481 237.3888 1.4981 1.5728 3.7186 -8.7338 1.4338 21.6278 -1.6146 4.6762
Car -1 -1 1.8422 368.1198 173.1050 430.4372 214.0776 1.6977 1.6731 3.8295 -9.1477 1.1970 31.7048 1.5613 2.0998
Car -1 -1 2.3107 0.0000 188.5762 34.0895 258.5425 1.4683 1.6116 3.8543 -16.1052 1.5589 17.2047 1.5583 -0.1483
Car -1 -1 -1.2028 308.9587 159.3060 360.3166 187.0022 1.5899 1.6180 3.8211 -16.3640 0.1037 43.1773 -1.5651 -0.6887
