Car -1 -1 2.0087 267.0248 187.0004 418.3910 272.4894 1.5404 1.5909 3.8010 -5.6445 1.8855 15.6139 1.6618 13.4339
Car -1 -1 1.1784 763.1815 179.6447 984.4363 314.4286 1.5035 1.5557 3.6470 3.3727 1.6167 10.1086 1.5004 11.7826
Car -1 -1 -1.8220 707.6326 180.6647 824.6000 255.6357 1.4082 1.5795 3.8114 3.2393 1.6018 15.8983 -1.6210 11.5471
Car -1 -1 -1.7302 671.6945 175.2357 735.9410 223.2628 1.4942 1.5742 3.7282 3.0625 1.5818 24.5239 -1.6060 11.2732
Car -1 -1 2.2967 0.0000 212.6941 183.3628 374.0000 1.4530 1.5089 3.3590 -5.7511 1.9139 6.6491 1.5836 8.1592
Car -1 -1 1.7331 451.0245 179.2143 500.6389 217.6305 1.5073 1.5298 3.4801 -5.6796 1.7933 30.6448 1.5498 7.1935
Car -1 -1 -1.7448 663.7114 174.6859 717.1846 214.4971 1.5271 1.5665 3.6523 3.2067 1.6076 29.7202 -1.6374 5.4421
Car -1 -1 0.6172 0.0000 189.6850 154.4543 247.1213 1.4522 1.5818 3.6439 -14.7390 1.9289 19.5761 -0.0281 4.4509
Car -1 -1 1.6583 474.2927 180.4874 513.9718 212.6874 1.4722 1.6137 3.9820 -5.7628 1.8750 35.9979 1.4995 2.4644
Car -1 -1 1.3453 779.0280 163.0043 818.4843 187.1245 1.4501 1.5906 3.7426 11.7593 0.8583 45.2691 1.5995 1.5975
Car -1 -1 -1.2998 372.9765 183.5145 430.3540 217.9755 1.4620 1.5994 3.8748 -9.7096 1.9899 33.7569 -1.5799 0.8486
