Car -1 -1 3.6183 53.9239 186.6768 317.1800 274.4079 1.5105 1.6102 3.9892 -7.8927 1.7889 13.6065 3.0927 12.2600
Car -1 -1 -0.3752 737.3955 190.7740 986.6132 284.9300 1.4763 1.5585 3.7730 4.2033 1.8094 12.5184 -0.0513 12.1061
Car -1 -1 0.7779 0.0000 184.3784 176.0941 337.9269 1.5839 1.6487 4.2671 -7.7643 1.7341 8.4766 0.0363 10.1264
Car -1 -1 -2.2433 982.3904 190.8556 1043.8153 215.1559 1.4595 1.5723 3.7775 26.8688 2.7141 48.2778 -1.7354 6.4215
Car -1 -1 -1.3080 1052.5277 193.7891 1123.0567 230.9475 1.4360 1.6246 4.0027 21.1817 2.4208 31.9928 -0.7232 6.0993
Car -1 -1 -1.8153 452.6961 183.5725 489.6388 209.5011 1.7056 1.6701 3.9525 -9.9514 2.5011 51.3772 -2.0066 5.2919
Car -1 -1 -0.2894 716.6821 193.0686 920.8935 269.4140 1.4400 1.5862 3.7410 4.1451 1.8801 14.8693 -0.0175 4.6241
Car -1 -1 3.3308 178.4020 177.1088 356.1805 247.0391 1.6494 1.6625 3.8609 -8.6568 1.7661 18.4535 2.8922 4.0624
Car -1 -1 3.3868 120.8788 181.7265 328.9651 260.7420 1.5913 1.6071 3.8016 -8.4320 1.8040 16.0354 2.9027 1.6977
Car -1 -1 -0.5841 1134.8762 178.6879 1231.7160 208.2054 1.6385 1.6759 4.1154 32.8412 1.9822 41.4593 0.0858 0.7779
Car -1 -1 -1.4135 258.0638 171.6523 287.2295 190.5051 1.4571 1.5643 3.6423 -26.9775 1.3646 57.7297 -1.8507 0.3039
Car -1 -1 0.3097 221.0881 175.4135 380.7762 240.2503 1.7992 1.6718 3.9761 -8.9805 1.8781 21.1157 -0.0924 -0.5430
