Car -1 -1 -1.9293 806.2228 188.6801 1039.4901 328.4039 1.4726 1.5921 3.9600 3.9820 1.7372 10.0485 -1.5520 13.3420
Car -1 -1 -1.8748 746.2800 181.7118 867.0187 265.6876 1.5929 1.5634 3.4320 4.1182 1.8089 15.8062 -1.6199 12.4267
Car -1 -1 1.7869 462.4318 186.5322 531.9535 231.5170 1.4181 1.6328 4.1555 -4.0370 1.9548 26.1610 1.6338 11.9124
Car -1 -1 -1.7239 722.4182 183.8065 798.4728 242.3669 1.4845 1.5762 3.7818 4.2168 1.8319 20.9334 -1.5251 11.1288
Car -1 -1 -1.7094 704.6523 181.3613 763.7885 226.1541 1.4774 1.6006 3.8881 4.4398 1.8135 26.5073 -1.5434 7.4792
Car -1 -1 0.7917 964.4955 178.4745 1241.0000 374.0000 1.6101 1.6610 4.2287 3.8511 1.6588 4.0715 1.5493 7.1878
Car -1 -1 1.7104 563.5473 180.1388 592.8931 201.9065 1.4956 1.6242 3.9147 -2.3219 2.0510 52.9530 1.6666 5.8144
Car -1 -1 -1.7043 690.2641 181.0341 740.2054 219.6759 1.5349 1.6389 3.8524 4.4738 1.9133 31.4090 -1.5628 4.8876
Car -1 -1 -2.0342 926.1532 177.4034 986.5855 204.8601 1.4884 1.5611 3.9071 19.9185 1.7643 41.7312 -1.5888 2.2870
Car -1 -1 1.2528 889.9622 176.9145 935.5261 200.9181 1.4783 1.5815 3.9532 19.6912 1.7555 47.1548 1.6484 2.2571
Car -1 -1 1.7511 500.5471 184.1063 550.8708 221.5482 1.4981 1.5686 3.7292 -3.7074 2.0262 31.9277 1.6355 1.4744
Car -1 -1 1.7279 517.0499 183.0201 563.0583 216.6116 1.5543 1.6830 4.3674 -3.5531 2.1070 36.9648 1.6321 0.9358
Car -1 -1 -0.8223 349.5082 171.8306 429.8738 205.7602 1.4526 1.5378 3.4775 -9.9837 1.4092 32.7885 -1.1178 -0.5408
