Car -1 -1 -1.9807 790.8823 192.1510 1106.1465 372.3780 1.3938 1.5911 3.8657 3.2547 1.6588 7.9438 -1.5919 14.0190
Car -1 -1 2.0018 205.3628 193.4341 393.7710 294.3676 1.5183 1.6584 4.2828 -5.7612 1.9774 13.9083 1.6091 12.2416
Car -1 -1 -1.7959 728.8951 177.4723 863.9360 274.9618 1.5483 1.6123 3.6666 3.2577 1.6467 13.4738 -1.5587 12.2255
Car -1 -1 1.3816 684.2796 182.3097 751.8630 232.7416 1.4621 1.5186 3.4729 3.3723 1.7916 23.3483 1.5250 12.0799
Car -1 -1 2.3071 0.0000 205.5107 177.5977 374.0000 1.5169 1.6410 4.3269 -5.9621 1.9041 6.3680 1.5546 10.8066
Car -1 -1 1.8690 347.6401 189.5530 444.6782 254.7546 1.5361 1.5456 3.6097 -5.7787 2.0355 19.7415 1.5843 10.2751
Car -1 -1 2.4325 1050.6287 146.9477 1241.0000 269.7190 1.5012 1.5950 4.1063 8.3727 1.1848 9.6309 3.1481 9.2626
Car -1 -1 1.8576 434.0950 185.9067 505.0684 227.9357 1.4741 1.6440 4.2653 -5.5613 2.0367 28.8735 1.6673 9.0991
Car -1 -1 -1.7057 652.2245 180.7918 692.5648 212.3705 1.5210 1.5980 3.7275 3.1646 1.9560 37.6079 -1.6217 7.2881
Car -1 -1 1.6912 455.0230 169.7882 483.8568 190.8216 1.4428 1.5739 3.8081 -10.0123 1.2329 51.4481 1.4990 6.8674
Car -1 -1 -1.7536 665.7449 179.3243 723.4968 221.5049 1.5602 1.6273 3.9301 3.3210 1.8416 29.3218 -1.6408 6.8401
Car -1 -1 1.7082 501.8837 181.0690 537.5378 208.1320 1.5393 1.6430 3.9610 -5.5200 2.0660 44.2366 1.5841 1.1938
Car -1 -1 -1.7592 647.9432 176.6000 685.4519 203.2030 1.5110 1.5870 3.6485 3.3336 1.7466 43.4161 -1.6826 0.6672
Car -1 -1 -2.4355 657.4693 162.5322 714.7610 184.6880 1.4813 1.6246 3.8192 5.2321 0.7916 50.1816 -2.3317 -0.3527
