Car -1 -1 -1.9637 825.1068 188.5298 1105.8423 355.5435 1.5330 1.6289 3.9489 3.9872 1.7720 8.9882 -1.5461 13.2817
Car -1 -1 -1.8837 752.9270 180.0128 883.5114 271.6592 1.6242 1.5690 3.3828 4.0650 1.7883 14.7785 -1.6153 12.6457
Car -1 -1 -1.7413 726.8704 183.7490 809.9995 246.4389 1.5001 1.5781 3.8646 4.2109 1.8307 19.9059 -1.5328 10.8625
Car -1 -1 1.7714 452.8856 185.6472 522.9458 234.1179 1.4733 1.6348 3.9415 -4.1776 1.9520 24.9812 1.6057 10.8260
Car -1 -1 -1.7130 707.0472 181.1469 768.7040 228.5292 1.5011 1.6010 3.7888 4.3834 1.8159 25.4428 -1.5424 8.2104
Car -1 -1 0.7028 1020.2394 196.0228 1241.0000 374.0000 1.5302 1.6007 3.6740 3.7597 1.6993 3.3909 1.5397 6.2138
Car -1 -1 1.7441 495.2384 184.9147 547.0254 222.7254 1.4448 1.5634 3.7502 -3.7569 1.9903 30.7008 1.6224 6.0960
Car -1 -1 -1.6994 691.8130 179.8685 743.4094 221.1272 1.5964 1.6533 3.9611 4.4497 1.9135 30.5867 -1.5550 5.8542
Car -1 -1 1.6907 561.4860 178.0061 591.6064 202.0772 1.6408 1.6816 4.2991 -2.4109 2.0306 52.3318 1.6446 5.0702
Car -1 -1 1.7259 517.1895 184.4514 559.9843 216.4288 1.4452 1.5628 3.7227 -3.5365 2.0530 35.8896 1.6277 3.8720
Car -1 -1 1.3553 904.1492 175.4958 944.3186 199.9130 1.4790 1.5463 3.9348 20.0459 1.6563 46.2318 1.7644 1.0214
Car -1 -1 1.5113 689.2473 167.2685 713.8822 188.2270 1.4716 1.5473 3.9044 6.6210 1.0798 52.6582 1.6363 0.9260
