Car -1 -1 -1.1957 55.6763 188.8419 440.0875 374.0000 1.4984 1.5812 3.8161 -2.7426 1.6829 6.3759 -1.6019 13.3113
Car -1 -1 1.7145 444.3703 173.1817 538.4620 245.5187 1.5440 1.6495 4.2590 -2.7957 1.5533 17.5584 1.5566 13.2609
Car -1 -1 -1.6773 653.1200 170.8499 706.3279 212.4404 1.4501 1.5908 3.5906 2.4964 1.3806 26.9605 -1.5849 13.2546
Car -1 -1 -1.9225 742.8054 148.6577 1014.8334 346.9918 1.8048 1.6704 3.7885 2.7576 1.5850 8.4874 -1.6084 12.4984
Car -1 -1 -2.2095 846.2452 198.3015 1241.0000 374.0000 1.4084 1.5339 3.6838 2.6977 1.6162 4.0055 -1.6168 11.1660
Car -1 -1 1.6223 546.7517 167.7012 577.6725 195.6256 1.6274 1.6738 4.2661 -2.9140 1.3275 44.1922 1.5565 6.1767
Car -1 -1 1.5450 569.4096 167.6415 589.8761 186.1073 1.4754 1.5866 3.7686 -2.5562 1.0593 59.5815 1.5021 2.8314
Car -1 -1 -1.6223 631.2962 166.7413 653.0603 185.5569 1.5065 1.5845 4.1855 2.6153 1.0175 59.8685 -1.5786 1.3138
Car -1 -1 1.7038 531.8656 156.9256 556.2043 174.9391 1.5341 1.6219 3.9657 -5.7902 0.1779 63.4604 1.6128 0.4673
Car -1 -1 1.7135 478.6250 151.5324 510.9921 174.8688 1.5690 1.6639 4.1943 -8.0632 0.1358 50.6185 1.5556 -0.0825
Car -1 -1 1.5217 678.8070 155.2768 703.7919 176.6007 1.4795 1.5959 3.8713 5.8017 0.2603 52.0412 1.6327 -0.7083
