Car -1 -1 1.8388 395.1056 189.2224 467.1404 238.3363 1.5283 1.5772 3.5602 -6.2665 2.1469 25.4499 1.5974 11.5780
Car -1 -1 -1.7032 655.5720 177.6753 709.4943 219.2487 1.5425 1.6400 4.0616 2.8294 1.7524 29.3044 -1.6069 9.9388
Car -1 -1 1.7894 438.1502 190.2862 493.6577 228.7807 1.4607 1.5502 3.8184 -6.1691 2.2578 31.0477 1.5933 8.3875
Car -1 -1 -0.9959 99.7892 201.9223 179.0998 239.9491 1.4775 1.4943 3.1059 -20.8013 2.8282 31.9626 -1.5728 7.4634
Car -1 -1 1.7233 474.4895 182.7146 516.1686 214.6897 1.6029 1.6521 4.0762 -6.2500 2.1706 39.4698 1.5663 6.7850
Car -1 -1 -0.9787 52.5602 206.3913 138.4206 242.7740 1.4147 1.5465 3.4251 -23.4553 3.0286 32.9794 -1.5969 5.3700
Car -1 -1 -0.8940 0.0000 208.2625 97.6356 246.3705 1.4424 1.6273 4.0532 -25.8420 3.1689 33.1338 -1.5564 4.1975
Car -1 -1 0.9791 1022.4123 140.8966 1113.6840 176.5942 1.8029 1.7612 4.7982 24.4865 0.1893 38.8626 1.5413 2.9369
Car -1 -1 -1.0661 162.9241 200.8210 244.4903 239.1815 1.4800 1.5822 3.7429 -18.2071 2.8109 32.4486 -1.5774 2.2635
Car -1 -1 1.2990 753.5579 162.2213 786.0495 180.7698 1.4694 1.6098 3.8890 13.0333 0.6275 59.1444 1.5159 2.0794
Car -1 -1 1.7497 494.0196 182.8291 530.8758 209.7103 1.5865 1.6382 4.0916 -6.2280 2.2545 46.2073 1.6157 0.1069
Car -1 -1 1.7265 537.0534 183.0232 558.5281 198.9122 1.4827 1.5559 3.8305 -6.1796 2.5228 71.8069 1.6406 -0.3404
Car -1 -1 -1.8612 839.4858 162.4459 876.0659 182.8314 1.4763 1.5811 3.7575 18.5237 0.7229 54.1581 -1.5317 -0.6599
