Car -1 -1 1.4525 662.5216 177.2087 747.6925 245.2062 1.4595 1.5816 3.9512 2.1697 1.5787 17.7160 1.5743 12.2362
Car -1 -1 1.7159 529.9069 168.8171 574.6448 204.6257 1.6947 1.6760 4.0040 -2.8736 1.5040 36.1972 1.6367 10.8226
Car -1 -1 -0.5150 972.9194 164.0943 1241.0000 277.7339 1.6939 1.6981 4.4226 8.5565 1.5637 11.8410 0.1108 10.4637
Car -1 -1 3.3182 414.9510 176.5256 517.0167 210.4454 1.4628 1.6553 4.2387 -6.4005 1.6313 32.1711 3.1218 7.7214
Car -1 -1 -1.5915 649.8237 164.2516 685.6146 202.6833 1.8049 1.6783 3.7625 2.7810 1.4013 35.8092 -1.5140 5.7728
Car -1 -1 -0.1321 724.9606 167.4909 831.7553 205.2739 1.4497 1.5928 3.9507 6.5729 1.2443 28.6585 0.0934 3.8715
Car -1 -1 1.6401 559.8563 171.9082 590.7112 197.1916 1.4991 1.6341 4.1648 -2.1477 1.4434 44.8785 1.5923 2.2940
Car -1 -1 1.5214 580.6845 169.1857 603.2157 188.9275 1.4739 1.5587 3.5875 -1.4466 1.2004 55.7142 1.4955 1.0640
Car -1 -1 2.8600 304.0033 178.6095 435.8109 229.5515 1.4633 1.5354 3.6659 -7.5876 1.6587 22.7737 2.5384 0.9428
Car -1 -1 -0.9940 714.5975 155.7135 776.4879 183.1154 1.4675 1.6018 3.8120 7.6222 0.5499 40.5709 -0.8083 0.5377
Car -1 -1 -1.7383 679.3861 164.3047 710.9255 185.8216 1.4676 1.5991 3.8222 5.9689 0.8848 51.1606 -1.6222 -0.1831
