Car -1 -1 0.3539 300.4615 184.3967 473.6110 240.4445 1.3791 1.5797 4.0678 -5.8468 1.6983 19.0245 0.0557 13.9081
Car -1 -1 -1.7987 684.9421 181.0000 812.4396 266.1676 1.4865 1.6641 4.2043 2.6792 1.6820 15.1437 -1.6236 13.4030
Car -1 -1 0.5229 132.5513 181.8453 377.5309 272.2103 1.5297 1.5843 3.7730 -6.4915 1.7074 13.3153 0.0693 10.9256
Car -1 -1 -2.4634 0.0000 194.1540 272.5982 340.1614 1.4756 1.6232 3.9311 -6.3338 1.7505 8.4217 -3.1083 10.8381
Car -1 -1 3.6476 28.4704 188.2258 329.6875 300.2837 1.5279 1.5922 3.5917 -6.3924 1.7786 10.9051 3.1174 10.0005
Car -1 -1 -2.1490 833.2263 197.2472 1241.0000 374.0000 1.4581 1.5101 3.2727 2.9619 1.6966 5.3541 -1.6438 9.9975
Car -1 -1 -1.7333 664.9890 179.7246 729.0429 223.9698 1.4228 1.6091 4.2182 3.0014 1.6913 26.0111 -1.6184 9.0059
Car -1 -1 -2.3078 0.0000 210.7610 142.5838 374.0000 1.4183 1.6166 3.9836 -6.6022 1.7909 6.2357 -3.1217 7.4742
Car -1 -1 -1.6403 646.2491 172.8778 677.7517 201.4874 1.7194 1.6787 4.2802 3.2009 1.7213 45.5052 -1.5701 6.8337
Car -1 -1 3.4134 317.8397 179.7757 464.4062 230.9475 1.4602 1.5743 3.9289 -6.5277 1.6762 21.6399 3.1204 6.4775
Car -1 -1 3.3706 345.0313 168.2022 472.8108 216.6949 1.5531 1.5677 3.8338 -6.6492 1.4044 23.9687 3.1000 3.7367
Car -1 -1 1.6620 514.9645 175.4409 548.8324 202.5275 1.5513 1.6731 4.1708 -4.7274 1.7163 43.8206 1.5546 2.5849
Car -1 -1 1.7390 429.5322 159.4751 453.9468 175.5635 1.4757 1.6156 3.9164 -15.8846 0.2489 68.1814 1.5101 1.5740
Car -1 -1 3.1802 496.0844 175.9969 551.4100 198.7766 1.5310 1.5962 3.7261 -5.9345 1.7520 49.6978 3.0614 0.5721
Car -1 -1 -3.0222 489.5888 166.9503 544.6225 187.4622 1.4586 1.5874 3.7815 -6.7073 1.0392 52.1172 -3.1502 -0.6060
