0.000000 0.999976 0.999976 0.999976
0.025000 0.999925 0.999921 0.999918
0.050000 0.999920 0.999918 0.999918
0.075000 0.999917 0.999917 0.999918
0.100000 0.999917 0.999917 0.999915
0.125000 0.999917 0.999913 0.999912
0.150000 0.999917 0.999913 0.999566
0.175000 0.999917 0.999911 0.999566
0.200000 0.999916 0.999908 0.999566
0.225000 0.999914 0.999907 0.999566
0.250000 0.999912 0.999905 0.999566
0.275000 0.999912 0.999902 0.999566
0.300000 0.999912 0.999902 0.999288
0.325000 0.999912 0.999900 0.998532
0.350000 0.999912 0.999899 0.998467
0.375000 0.999908 0.999898 0.998467
0.400000 0.999907 0.999577 0.998101
0.425000 0.999905 0.999329 0.997990
0.450000 0.999904 0.999329 0.997287
0.475000 0.999902 0.999129 0.995701
0.500000 0.999902 0.999129 0.994822
0.525000 0.999902 0.998681 0.994023
0.550000 0.999901 0.997584 0.992646
0.575000 0.999900 0.996584 0.991231
0.600000 0.999899 0.996087 0.989632
0.625000 0.999898 0.995228 0.989322
0.650000 0.999898 0.993469 0.987515
0.675000 0.999894 0.992583 0.986105
0.700000 0.999405 0.991408 0.982894
0.725000 0.999057 0.989966 0.979067
0.750000 0.999057 0.987800 0.975526
0.775000 0.999057 0.984020 0.971774
0.800000 0.999057 0.978811 0.963244
0.825000 0.999057 0.973352 0.954733
0.850000 0.997064 0.962655 0.940254
0.875000 0.995970 0.949861 0.922285
0.900000 0.995697 0.928937 0.892123
0.925000 0.992132 0.900522 0.811349
0.950000 0.989134 0.824432 0.618999
0.975000 0.965467 0.554680 0.000000
1.000000 0.710823 0.000000 0.000000
