0.000000 1.000000 1.000000 1.000000
0.025000 1.000000 1.000000 1.000000
0.050000 1.000000 1.000000 1.000000
0.075000 1.000000 1.000000 1.000000
0.100000 1.000000 1.000000 1.000000
0.125000 1.000000 1.000000 1.000000
0.150000 1.000000 1.000000 1.000000
0.175000 1.000000 1.000000 1.000000
0.200000 1.000000 1.000000 1.000000
0.225000 1.000000 1.000000 1.000000
0.250000 1.000000 1.000000 1.000000
0.275000 1.000000 1.000000 1.000000
0.300000 1.000000 1.000000 1.000000
0.325000 1.000000 1.000000 0.999719
0.350000 1.000000 1.000000 0.999514
0.375000 1.000000 1.000000 0.999514
0.400000 1.000000 0.999683 0.999089
0.425000 1.000000 0.999466 0.998928
0.450000 1.000000 0.999466 0.998179
0.475000 1.000000 0.999466 0.996746
0.500000 1.000000 0.998985 0.995460
0.525000 1.000000 0.998551 0.994815
0.550000 1.000000 0.997697 0.992756
0.575000 1.000000 0.995822 0.991039
0.600000 1.000000 0.994738 0.989768
0.625000 1.000000 0.993141 0.989030
0.650000 1.000000 0.990327 0.987391
0.675000 1.000000 0.988839 0.986009
0.700000 0.999509 0.987285 0.982964
0.725000 0.999113 0.986183 0.979421
0.750000 0.999113 0.983189 0.976137
0.775000 0.999113 0.978993 0.972639
0.800000 0.998751 0.973578 0.963525
0.825000 0.998751 0.969417 0.954915
0.850000 0.996773 0.958351 0.940363
0.875000 0.993362 0.943205 0.921252
0.900000 0.991660 0.920998 0.887480
0.925000 0.985343 0.887224 0.782726
0.950000 0.979780 0.784112 0.620118
0.975000 0.953246 0.549587 0.000000
1.000000 0.686072 0.000000 0.000000
